ladybug_panoramic_000050.jpg	39.763784	116.513554	458317.619047	4403414.671427	23.318414	0.015743	0.054600	3.173668	32345.347000	NULL	NULL
ladybug_panoramic_000050.jpg	39.763784	116.513554	458317.615077	4403414.663040	23.325416	0.015878	0.054676	3.173657	32345.347000	NULL	NULL
ladybug_panoramic_000050.jpg	39.763784	116.513554	458317.628603	4403414.698308	23.332619	0.015487	0.053407	3.173674	32345.347000	NULL	NULL
ladybug_panoramic_000050.jpg	39.763784	116.513554	458317.680539	4403414.729117	23.374462	0.016571	0.052062	3.174270	32345.347000	NULL	NULL
ladybug_panoramic_000050.jpg	39.763784	116.513554	458317.691529	4403414.711267	23.371351	0.017158	0.052702	3.173677	32345.347000	NULL	NULL
ladybug_panoramic_000050.jpg	39.763784	116.513554	458317.614396	4403414.666645	23.330689	0.015927	0.054299	3.172875	32345.347000	NULL	NULL
ladybug_panoramic_000050.jpg	39.763784	116.513554	458317.634888	4403414.712774	23.366449	0.015568	0.052421	3.173688	32345.347000	NULL	NULL
ladybug_panoramic_000050.jpg	39.763784	116.513554	458317.676405	4403414.708094	23.348422	0.017047	0.053552	3.174280	32345.347000	NULL	NULL
ladybug_panoramic_000050.jpg	39.763784	116.513554	458317.649151	4403414.713910	23.364616	0.016039	0.052596	3.173872	32345.347000	NULL	NULL
ladybug_panoramic_000050.jpg	39.763784	116.513554	458317.653714	4403414.699848	23.343423	0.016477	0.053586	3.173964	32345.347000	NULL	NULL
ladybug_panoramic_000050.jpg	39.763784	116.513554	458317.623586	4403414.632355	23.271491	0.019281	0.055609	3.172394	32345.347000	NULL	NULL
ladybug_panoramic_000050.jpg	39.763784	116.513554	458317.651802	4403414.664596	23.270227	0.019425	0.055181	3.173072	32345.347000	NULL	NULL
ladybug_panoramic_000050.jpg	39.763784	116.513554	458317.624054	4403414.644984	23.274120	0.018492	0.054822	3.172449	32345.347000	NULL	NULL
ladybug_panoramic_000050.jpg	39.763784	116.513554	458317.602638	4403414.625414	23.296566	0.017130	0.055301	3.171808	32345.347000	NULL	NULL
ladybug_panoramic_000050.jpg	39.763784	116.513554	458317.594942	4403414.633048	23.313477	0.015899	0.054930	3.172127	32345.347000	NULL	NULL
ladybug_panoramic_000050.jpg	39.763784	116.513554	458317.623566	4403414.687403	23.351086	0.013769	0.053462	3.173928	32345.347000	NULL	NULL
ladybug_panoramic_000050.jpg	39.763784	116.513554	458317.654600	4403414.692509	23.321197	0.016001	0.054043	3.174310	32345.347000	NULL	NULL
ladybug_panoramic_000050.jpg	39.763784	116.513554	458317.632225	4403414.691177	23.349089	0.014132	0.053356	3.174056	32345.347000	NULL	NULL
ladybug_panoramic_000050.jpg	39.763784	116.513554	458317.647891	4403414.686690	23.328067	0.015914	0.053898	3.173928	32345.347000	NULL	NULL
ladybug_panoramic_000050.jpg	39.763784	116.513554	458317.693043	4403414.648623	23.230955	0.022844	0.056331	3.173488	32345.347000	NULL	NULL
ladybug_panoramic_000050.jpg	39.763784	116.513554	458317.630515	4403414.637360	23.271910	0.019144	0.054955	3.172506	32345.347000	NULL	NULL
ladybug_panoramic_000050.jpg	39.763784	116.513554	458317.602281	4403414.624431	23.302082	0.017210	0.055250	3.171782	32345.347000	NULL	NULL
ladybug_panoramic_000050.jpg	39.763784	116.513554	458317.590262	4403414.632125	23.320605	0.015951	0.054799	3.172021	32345.347000	NULL	NULL
ladybug_panoramic_000050.jpg	39.763784	116.513554	458317.622991	4403414.677964	23.359596	0.014099	0.053459	3.173943	32345.347000	NULL	NULL
ladybug_panoramic_000050.jpg	39.763784	116.513554	458317.661923	4403414.676452	23.323986	0.016602	0.054276	3.174407	32345.347000	NULL	NULL
ladybug_panoramic_000050.jpg	39.763784	116.513554	458317.631505	4403414.678547	23.357003	0.014486	0.053406	3.174033	32345.347000	NULL	NULL
ladybug_panoramic_000050.jpg	39.763784	116.513554	458317.648696	4403414.670928	23.333175	0.016303	0.054022	3.173887	32345.347000	NULL	NULL
ladybug_panoramic_000050.jpg	39.763784	116.513554	458317.640987	4403414.681559	23.308398	0.017309	0.053765	3.173061	32345.347000	NULL	NULL
ladybug_panoramic_000050.jpg	39.763784	116.513554	458317.624301	4403414.666299	23.317162	0.016358	0.053974	3.172100	32345.347000	NULL	NULL
ladybug_panoramic_000050.jpg	39.763784	116.513554	458317.610826	4403414.666262	23.323245	0.015631	0.053827	3.171969	32345.347000	NULL	NULL
ladybug_panoramic_000050.jpg	39.763784	116.513554	458317.625730	4403414.705094	23.354453	0.014257	0.052644	3.173602	32345.347000	NULL	NULL
ladybug_panoramic_000050.jpg	39.763784	116.513554	458317.674847	4403414.697888	23.325985	0.017289	0.053537	3.174310	32345.347000	NULL	NULL
ladybug_panoramic_000050.jpg	39.763784	116.513554	458317.639125	4403414.705557	23.352328	0.014849	0.052668	3.173825	32345.347000	NULL	NULL
ladybug_panoramic_000050.jpg	39.763784	116.513554	458317.654588	4403414.694150	23.330299	0.016647	0.053355	3.173726	32345.347000	NULL	NULL
ladybug_panoramic_000050.jpg	39.763784	116.513554	458317.555137	4403414.622483	23.289531	0.015495	0.054801	3.170874	32345.347000	NULL	NULL
ladybug_panoramic_000050.jpg	39.763784	116.513554	458317.570388	4403414.643048	23.313910	0.015043	0.054155	3.171396	32345.347000	NULL	NULL
ladybug_panoramic_000050.jpg	39.763784	116.513554	458317.640971	4403414.708166	23.370568	0.015266	0.052408	3.173355	32345.347000	NULL	NULL
ladybug_panoramic_000050.jpg	39.763784	116.513554	458317.690195	4403414.714395	23.336067	0.018361	0.052938	3.174315	32345.347000	NULL	NULL
ladybug_panoramic_000050.jpg	39.763784	116.513554	458317.652750	4403414.710839	23.364835	0.015909	0.052476	3.173596	32345.347000	NULL	NULL
ladybug_panoramic_000050.jpg	39.763784	116.513554	458317.658228	4403414.697544	23.334741	0.017300	0.053144	3.173557	32345.347000	NULL	NULL
ladybug_panoramic_000050.jpg	39.763784	116.513554	458317.555658	4403414.631561	23.304641	0.015045	0.054454	3.171159	32345.347000	NULL	NULL
ladybug_panoramic_000050.jpg	39.763784	116.513554	458317.658268	4403414.698104	23.374096	0.016093	0.052260	3.172808	32345.347000	NULL	NULL
ladybug_panoramic_000050.jpg	39.763784	116.513554	458317.704665	4403414.689609	23.346908	0.018357	0.053786	3.173571	32345.347000	NULL	NULL
ladybug_panoramic_000050.jpg	39.763784	116.513554	458317.668655	4403414.695407	23.368682	0.016666	0.052590	3.172955	32345.347000	NULL	NULL
ladybug_panoramic_000050.jpg	39.763784	116.513554	458317.665745	4403414.676464	23.343407	0.017435	0.053670	3.172854	32345.347000	NULL	NULL
ladybug_panoramic_000050.jpg	39.763784	116.513554	458317.659275	4403414.689857	23.372552	0.016411	0.052411	3.172757	32345.347000	NULL	NULL
ladybug_panoramic_000050.jpg	39.763784	116.513554	458317.693982	4403414.680312	23.348633	0.017712	0.053999	3.173524	32345.347000	NULL	NULL
ladybug_panoramic_000050.jpg	39.763784	116.513554	458317.667810	4403414.686510	23.368214	0.016852	0.052746	3.172895	32345.347000	NULL	NULL
ladybug_panoramic_000050.jpg	39.763784	116.513554	458317.662708	4403414.671097	23.346738	0.017114	0.053795	3.172896	32345.347000	NULL	NULL
ladybug_panoramic_000050.jpg	39.763784	116.513554	458317.644727	4403414.711557	23.356242	0.015285	0.053180	3.174014	32345.347000	NULL	NULL
ladybug_panoramic_000050.jpg	39.763784	116.513554	458317.643349	4403414.707075	23.370414	0.015362	0.052661	3.173634	32345.347000	NULL	NULL
ladybug_panoramic_000050.jpg	39.763784	116.513554	458317.647903	4403414.699622	23.353461	0.015533	0.053043	3.173677	32345.347000	NULL	NULL
ladybug_panoramic_000050.jpg	39.763784	116.513554	458317.659437	4403414.716221	23.353840	0.016419	0.052967	3.174069	32345.347000	NULL	NULL
ladybug_panoramic_000050.jpg	39.763784	116.513554	458317.662678	4403414.704994	23.338239	0.017012	0.053519	3.174174	32345.347000	NULL	NULL
ladybug_panoramic_000050.jpg	39.763784	116.513554	458317.653965	4403414.702551	23.349194	0.016395	0.052944	3.173713	32345.347000	NULL	NULL
ladybug_panoramic_000050.jpg	39.763784	116.513554	458317.594023	4403414.648062	23.324013	0.016201	0.056657	3.173817	32345.347000	NULL	NULL
ladybug_panoramic_000050.jpg	39.763784	116.513554	458317.632943	4403414.679692	23.316218	0.016075	0.055179	3.173959	32345.347000	NULL	NULL
ladybug_panoramic_000050.jpg	39.763784	116.513554	458317.632094	4403414.680157	23.317376	0.015769	0.054209	3.173648	32345.347000	NULL	NULL
ladybug_panoramic_000050.jpg	39.763784	116.513554	458317.632461	4403414.656470	23.313427	0.016699	0.055490	3.172928	32345.347000	NULL	NULL
ladybug_panoramic_000050.jpg	39.763784	116.513554	458317.600362	4403414.628660	23.319455	0.016851	0.057643	3.172975	32345.347000	NULL	NULL
ladybug_panoramic_000050.jpg	39.763784	116.513554	458317.603634	4403414.692416	23.336310	0.014372	0.052880	3.174590	32345.347000	NULL	NULL
ladybug_panoramic_000050.jpg	39.763784	116.513554	458317.640555	4403414.688545	23.327585	0.015711	0.054484	3.174656	32345.347000	NULL	NULL
ladybug_panoramic_000050.jpg	39.763784	116.513554	458317.617253	4403414.696466	23.334332	0.014732	0.052817	3.174649	32345.347000	NULL	NULL
ladybug_panoramic_000050.jpg	39.763784	116.513554	458317.640428	4403414.688018	23.332573	0.015837	0.054360	3.174437	32345.347000	NULL	NULL
ladybug_panoramic_000050.jpg	39.763784	116.513554	458317.644741	4403414.666999	23.315469	0.016633	0.056111	3.174040	32345.347000	NULL	NULL
ladybug_panoramic_000050.jpg	39.763784	116.513554	458317.626800	4403414.669292	23.325055	0.015877	0.054277	3.173641	32345.347000	NULL	NULL
ladybug_panoramic_000050.jpg	39.763784	116.513554	458317.635342	4403414.646603	23.314368	0.017069	0.055949	3.173042	32345.347000	NULL	NULL
ladybug_panoramic_000050.jpg	39.763784	116.513554	458317.612095	4403414.630575	23.317137	0.016977	0.057748	3.173072	32345.347000	NULL	NULL
ladybug_panoramic_000050.jpg	39.763784	116.513554	458317.600105	4403414.684450	23.349419	0.014708	0.053148	3.174691	32345.347000	NULL	NULL
ladybug_panoramic_000050.jpg	39.763784	116.513554	458317.643947	4403414.675094	23.334696	0.016070	0.055004	3.174831	32345.347000	NULL	NULL
ladybug_panoramic_000050.jpg	39.763784	116.513554	458317.613361	4403414.685335	23.347443	0.015064	0.053172	3.174769	32345.347000	NULL	NULL
ladybug_panoramic_000050.jpg	39.763784	116.513554	458317.639478	4403414.675288	23.339634	0.016108	0.054755	3.174616	32345.347000	NULL	NULL
ladybug_panoramic_000050.jpg	39.763784	116.513554	458317.636949	4403414.701815	23.334750	0.015631	0.053053	3.173634	32345.347000	NULL	NULL
ladybug_panoramic_000050.jpg	39.763784	116.513554	458317.644066	4403414.688425	23.332553	0.015911	0.053363	3.172985	32345.347000	NULL	NULL
ladybug_panoramic_000050.jpg	39.763784	116.513554	458317.656044	4403414.661758	23.321925	0.016835	0.055969	3.173157	32345.347000	NULL	NULL
ladybug_panoramic_000050.jpg	39.763784	116.513554	458317.603104	4403414.722507	23.337834	0.014482	0.051332	3.174003	32345.347000	NULL	NULL
ladybug_panoramic_000050.jpg	39.763784	116.513554	458317.656523	4403414.701383	23.332413	0.016153	0.053697	3.174495	32345.347000	NULL	NULL
ladybug_panoramic_000050.jpg	39.763784	116.513554	458317.623561	4403414.719134	23.339217	0.014994	0.051758	3.174243	32345.347000	NULL	NULL
ladybug_panoramic_000050.jpg	39.763784	116.513554	458317.646245	4403414.702835	23.333078	0.015920	0.053279	3.174250	32345.347000	NULL	NULL
ladybug_panoramic_000050.jpg	39.763784	116.513554	458317.676573	4403414.714738	23.369205	0.016429	0.052141	3.173422	32345.347000	NULL	NULL
ladybug_panoramic_000050.jpg	39.763784	116.513554	458317.633042	4403414.682706	23.340828	0.015960	0.053392	3.172861	32345.347000	NULL	NULL
ladybug_panoramic_000050.jpg	39.763784	116.513554	458317.639648	4403414.716745	23.365223	0.015673	0.052127	3.173545	32345.347000	NULL	NULL
ladybug_panoramic_000050.jpg	39.763784	116.513554	458317.673623	4403414.714762	23.343561	0.016760	0.053118	3.174201	32345.347000	NULL	NULL
ladybug_panoramic_000050.jpg	39.763784	116.513554	458317.651802	4403414.718107	23.361380	0.016036	0.052300	3.173764	32345.347000	NULL	NULL
ladybug_panoramic_000050.jpg	39.763784	116.513554	458317.654621	4403414.705925	23.339811	0.016312	0.053182	3.173856	32345.347000	NULL	NULL
ladybug_panoramic_000050.jpg	39.763784	116.513554	458317.903317	4403414.731365	23.443807	0.022584	0.054450	3.174831	32345.347000	NULL	NULL
ladybug_panoramic_000050.jpg	39.763784	116.513554	458317.660958	4403414.712860	23.369830	0.016047	0.051995	3.172932	32345.347000	NULL	NULL
ladybug_panoramic_000050.jpg	39.763784	116.513554	458317.723549	4403414.693693	23.366534	0.018730	0.054549	3.173557	32345.347000	NULL	NULL
ladybug_panoramic_000050.jpg	39.763784	116.513554	458317.675919	4403414.710346	23.369385	0.016642	0.052507	3.173077	32345.347000	NULL	NULL
ladybug_panoramic_000050.jpg	39.763784	116.513554	458317.670106	4403414.687341	23.349509	0.017184	0.054057	3.173121	32345.347000	NULL	NULL
ladybug_panoramic_000050.jpg	39.763784	116.513554	458317.662693	4403414.701961	23.371038	0.016390	0.052341	3.172930	32345.347000	NULL	NULL
ladybug_panoramic_000050.jpg	39.763784	116.513554	458317.725026	4403414.670870	23.377914	0.019049	0.056012	3.173686	32345.347000	NULL	NULL
ladybug_panoramic_000050.jpg	39.763784	116.513554	458317.676818	4403414.697480	23.373042	0.016989	0.053008	3.173063	32345.347000	NULL	NULL
ladybug_panoramic_000050.jpg	39.763784	116.513554	458317.670182	4403414.665592	23.361677	0.017759	0.055583	3.173300	32345.347000	NULL	NULL
ladybug_panoramic_000050.jpg	39.763784	116.513554	458317.637977	4403414.712279	23.352423	0.015551	0.053029	3.174283	32345.347000	NULL	NULL
ladybug_panoramic_000050.jpg	39.763784	116.513554	458317.628135	4403414.715811	23.356901	0.015393	0.052121	3.174023	32345.347000	NULL	NULL
ladybug_panoramic_000050.jpg	39.763784	116.513554	458317.639664	4403414.707222	23.346932	0.015560	0.052729	3.174049	32345.347000	NULL	NULL
ladybug_panoramic_000050.jpg	39.763784	116.513554	458317.652580	4403414.714726	23.354617	0.016210	0.053083	3.174264	32345.347000	NULL	NULL
ladybug_panoramic_000050.jpg	39.763784	116.513554	458317.659047	4403414.692679	23.352405	0.016782	0.054579	3.174412	32345.347000	NULL	NULL
ladybug_panoramic_000050.jpg	39.763784	116.513554	458317.645366	4403414.709158	23.346099	0.015954	0.052815	3.174132	32345.347000	NULL	NULL
ladybug_panoramic_000050.jpg	39.763784	116.513554	458317.675642	4403414.542267	23.280028	0.019297	0.056382	3.165267	32345.347000	NULL	NULL
ladybug_panoramic_000050.jpg	39.763784	116.513554	458317.635195	4403414.635586	23.244921	0.020688	0.054738	3.172370	32345.347000	NULL	NULL
ladybug_panoramic_000050.jpg	39.763784	116.513554	458317.616811	4403414.618245	23.296091	0.017904	0.056258	3.171546	32345.347000	NULL	NULL
ladybug_panoramic_000050.jpg	39.763784	116.513554	458317.604224	4403414.624374	23.318389	0.016563	0.056617	3.172093	32345.347000	NULL	NULL
ladybug_panoramic_000050.jpg	39.763784	116.513554	458317.540306	4403414.694929	23.403991	0.011308	0.057614	3.177474	32345.347000	NULL	NULL
ladybug_panoramic_000050.jpg	39.763784	116.513554	458317.548577	4403414.699238	23.386573	0.012360	0.057352	3.177702	32345.347000	NULL	NULL
ladybug_panoramic_000050.jpg	39.763784	116.513554	458317.519857	4403414.716501	23.432314	0.009560	0.057826	3.179078	32345.347000	NULL	NULL
ladybug_panoramic_000050.jpg	39.763784	116.513554	458317.542693	4403414.773552	23.360038	0.013929	0.057018	3.182902	32345.347000	NULL	NULL
ladybug_panoramic_000050.jpg	39.763784	116.513554	458317.655624	4403414.670282	23.251631	0.020490	0.054337	3.173158	32345.347000	NULL	NULL
ladybug_panoramic_000050.jpg	39.763784	116.513554	458317.647664	4403414.645876	23.297660	0.017641	0.055500	3.171816	32345.347000	NULL	NULL
ladybug_panoramic_000050.jpg	39.763784	116.513554	458317.640734	4403414.649387	23.315650	0.016344	0.055389	3.171953	32345.347000	NULL	NULL
ladybug_panoramic_000050.jpg	39.763784	116.513554	458317.613947	4403414.698525	23.352003	0.013336	0.053872	3.174607	32345.347000	NULL	NULL
ladybug_panoramic_000050.jpg	39.763784	116.513554	458317.626148	4403414.715479	23.316872	0.015744	0.053673	3.175858	32345.347000	NULL	NULL
ladybug_panoramic_000050.jpg	39.763784	116.513554	458317.613781	4403414.711309	23.342750	0.013888	0.053210	3.175238	32345.347000	NULL	NULL
ladybug_panoramic_000050.jpg	39.763784	116.513554	458317.615737	4403414.735450	23.317305	0.015602	0.053564	3.177132	32345.347000	NULL	NULL
ladybug_panoramic_000050.jpg	39.763784	116.513554	458317.606513	4403414.632021	23.302007	0.016398	0.054536	3.171646	32345.347000	NULL	NULL
ladybug_panoramic_000050.jpg	39.763784	116.513554	458317.605599	4403414.639122	23.314320	0.015640	0.054355	3.171891	32345.347000	NULL	NULL
ladybug_panoramic_000050.jpg	39.763784	116.513554	458317.635983	4403414.685864	23.351264	0.013910	0.053387	3.173475	32345.347000	NULL	NULL
ladybug_panoramic_000050.jpg	39.763784	116.513554	458317.663673	4403414.695096	23.313539	0.016462	0.053652	3.174133	32345.347000	NULL	NULL
ladybug_panoramic_000050.jpg	39.763784	116.513554	458317.643369	4403414.689086	23.346622	0.014426	0.053227	3.173609	32345.347000	NULL	NULL
ladybug_panoramic_000050.jpg	39.763784	116.513554	458317.652760	4403414.685342	23.323237	0.016116	0.053533	3.173560	32345.347000	NULL	NULL
ladybug_panoramic_000050.jpg	39.763784	116.513554	458317.611917	4403414.632474	23.312551	0.016405	0.055229	3.171793	32345.347000	NULL	NULL
ladybug_panoramic_000050.jpg	39.763784	116.513554	458317.651847	4403414.681306	23.337298	0.014696	0.052415	3.172672	32345.347000	NULL	NULL
ladybug_panoramic_000050.jpg	39.763784	116.513554	458317.684127	4403414.678032	23.318333	0.016590	0.054118	3.172999	32345.347000	NULL	NULL
ladybug_panoramic_000050.jpg	39.763784	116.513554	458317.660166	4403414.680574	23.334541	0.015174	0.052609	3.172704	32345.347000	NULL	NULL
ladybug_panoramic_000050.jpg	39.763784	116.513554	458317.664799	4403414.668603	23.327010	0.016305	0.053786	3.172446	32345.347000	NULL	NULL
ladybug_panoramic_000050.jpg	39.763784	116.513554	458317.653375	4403414.677215	23.335015	0.014937	0.052438	3.172529	32345.347000	NULL	NULL
ladybug_panoramic_000050.jpg	39.763784	116.513554	458317.679391	4403414.669066	23.327752	0.016284	0.054824	3.172933	32345.347000	NULL	NULL
ladybug_panoramic_000050.jpg	39.763784	116.513554	458317.661614	4403414.676038	23.333432	0.015344	0.052650	3.172540	32345.347000	NULL	NULL
ladybug_panoramic_000050.jpg	39.763784	116.513554	458317.664651	4403414.663677	23.333351	0.016167	0.054289	3.172390	32345.347000	NULL	NULL
ladybug_panoramic_000050.jpg	39.763784	116.513554	458317.522998	4403414.691404	23.415799	0.010846	0.058796	3.178186	32345.347000	NULL	NULL
ladybug_panoramic_000050.jpg	39.763784	116.513554	458317.541723	4403414.699790	23.408397	0.011083	0.057139	3.177758	32345.347000	NULL	NULL
ladybug_panoramic_000050.jpg	39.763784	116.513554	458317.617739	4403414.689211	23.376555	0.013144	0.056029	3.175513	32345.347000	NULL	NULL
ladybug_panoramic_000050.jpg	39.763784	116.513554	458317.520727	4403414.711886	23.401921	0.011157	0.057074	3.178744	32345.347000	NULL	NULL
ladybug_panoramic_000050.jpg	39.763784	116.513554	458317.609795	4403414.710269	23.342987	0.014990	0.054921	3.176687	32345.347000	NULL	NULL
ladybug_panoramic_000050.jpg	39.763784	116.513554	458317.615677	4403414.708468	23.344231	0.014350	0.053775	3.175830	32345.347000	NULL	NULL
ladybug_panoramic_000050.jpg	39.763784	116.513554	458317.695283	4403414.662989	23.212124	0.023985	0.054865	3.174057	32345.347000	NULL	NULL
ladybug_panoramic_000050.jpg	39.763784	116.513554	458317.662547	4403414.634945	23.289541	0.018590	0.056439	3.172052	32345.347000	NULL	NULL
ladybug_panoramic_000050.jpg	39.763784	116.513554	458317.646533	4403414.641788	23.315553	0.016676	0.056019	3.172162	32345.347000	NULL	NULL
ladybug_panoramic_000050.jpg	39.763784	116.513554	458317.616397	4403414.689660	23.361453	0.013363	0.054208	3.174565	32345.347000	NULL	NULL
ladybug_panoramic_000050.jpg	39.763784	116.513554	458317.641754	4403414.693403	23.328073	0.015886	0.054517	3.175337	32345.347000	NULL	NULL
ladybug_panoramic_000050.jpg	39.763784	116.513554	458317.619910	4403414.696924	23.355734	0.013864	0.053634	3.174934	32345.347000	NULL	NULL
ladybug_panoramic_000050.jpg	39.763784	116.513554	458317.638726	4403414.694446	23.332907	0.015693	0.054342	3.175232	32345.347000	NULL	NULL
ladybug_panoramic_000050.jpg	39.763784	116.513554	458317.598671	4403414.628199	23.311776	0.016316	0.054378	3.171481	32345.347000	NULL	NULL
ladybug_panoramic_000050.jpg	39.763784	116.513554	458317.597522	4403414.635444	23.322756	0.015676	0.054209	3.171748	32345.347000	NULL	NULL
ladybug_panoramic_000050.jpg	39.763784	116.513554	458317.635338	4403414.675341	23.358614	0.014244	0.053317	3.173504	32345.347000	NULL	NULL
ladybug_panoramic_000050.jpg	39.763784	116.513554	458317.671104	4403414.678038	23.315469	0.017094	0.053796	3.174249	32345.347000	NULL	NULL
ladybug_panoramic_000050.jpg	39.763784	116.513554	458317.642753	4403414.675282	23.353332	0.014789	0.053205	3.173582	32345.347000	NULL	NULL
ladybug_panoramic_000050.jpg	39.763784	116.513554	458317.653454	4403414.668684	23.328145	0.016507	0.053566	3.173480	32345.347000	NULL	NULL
ladybug_panoramic_000050.jpg	39.763784	116.513554	458317.608172	4403414.628908	23.317015	0.016526	0.055276	3.171782	32345.347000	NULL	NULL
ladybug_panoramic_000050.jpg	39.763784	116.513554	458317.649090	4403414.667951	23.348665	0.015091	0.052618	3.172853	32345.347000	NULL	NULL
ladybug_panoramic_000050.jpg	39.763784	116.513554	458317.689462	4403414.659072	23.322138	0.017130	0.054625	3.173267	32345.347000	NULL	NULL
ladybug_panoramic_000050.jpg	39.763784	116.513554	458317.657004	4403414.664969	23.344706	0.015564	0.052853	3.172859	32345.347000	NULL	NULL
ladybug_panoramic_000050.jpg	39.763784	116.513554	458317.663480	4403414.653690	23.332868	0.016649	0.054049	3.172603	32345.347000	NULL	NULL
ladybug_panoramic_000050.jpg	39.763784	116.513554	458317.647713	4403414.665018	23.346578	0.015300	0.052756	3.172863	32345.347000	NULL	NULL
ladybug_panoramic_000050.jpg	39.763784	116.513554	458317.681188	4403414.653958	23.331728	0.016607	0.055333	3.173312	32345.347000	NULL	NULL
ladybug_panoramic_000050.jpg	39.763784	116.513554	458317.655672	4403414.662348	23.343958	0.015685	0.052977	3.172861	32345.347000	NULL	NULL
ladybug_panoramic_000050.jpg	39.763784	116.513554	458317.661828	4403414.651768	23.338587	0.016406	0.054573	3.172715	32345.347000	NULL	NULL
ladybug_panoramic_000050.jpg	39.763784	116.513554	458317.531108	4403414.701411	23.402183	0.011364	0.057736	3.177815	32345.347000	NULL	NULL
ladybug_panoramic_000050.jpg	39.763784	116.513554	458317.545848	4403414.704265	23.400355	0.011648	0.056383	3.177464	32345.347000	NULL	NULL
ladybug_panoramic_000050.jpg	39.763784	116.513554	458317.616618	4403414.683515	23.380426	0.013202	0.056190	3.175711	32345.347000	NULL	NULL
ladybug_panoramic_000050.jpg	39.763784	116.513554	458317.520777	4403414.719988	23.399037	0.011501	0.056640	3.178684	32345.347000	NULL	NULL
ladybug_panoramic_000050.jpg	39.763784	116.513554	458317.610444	4403414.698688	23.354206	0.015006	0.055557	3.176762	32345.347000	NULL	NULL
ladybug_panoramic_000050.jpg	39.763784	116.513554	458317.612868	4403414.696547	23.361802	0.014211	0.054645	3.176075	32345.347000	NULL	NULL
ladybug_panoramic_000050.jpg	39.763784	116.513554	458317.614605	4403414.669355	23.326139	0.015541	0.053221	3.171675	32345.347000	NULL	NULL
ladybug_panoramic_000050.jpg	39.763784	116.513554	458317.610504	4403414.667717	23.327146	0.015368	0.053255	3.171595	32345.347000	NULL	NULL
ladybug_panoramic_000050.jpg	39.763784	116.513554	458317.638016	4403414.700725	23.354429	0.014759	0.052396	3.173223	32345.347000	NULL	NULL
ladybug_panoramic_000050.jpg	39.763784	116.513554	458317.682920	4403414.702591	23.316866	0.018164	0.052838	3.174326	32345.347000	NULL	NULL
ladybug_panoramic_000050.jpg	39.763784	116.513554	458317.649642	4403414.701485	23.347601	0.015603	0.052348	3.173452	32345.347000	NULL	NULL
ladybug_panoramic_000050.jpg	39.763784	116.513554	458317.657651	4403414.693968	23.323528	0.017228	0.052784	3.173425	32345.347000	NULL	NULL
ladybug_panoramic_000050.jpg	39.763784	116.513554	458317.608799	4403414.674377	23.333617	0.014898	0.052272	3.171189	32345.347000	NULL	NULL
ladybug_panoramic_000050.jpg	39.763784	116.513554	458317.654957	4403414.693222	23.352687	0.015197	0.051670	3.172389	32345.347000	NULL	NULL
ladybug_panoramic_000050.jpg	39.763784	116.513554	458317.705903	4403414.672331	23.332255	0.017706	0.054155	3.173114	32345.347000	NULL	NULL
ladybug_panoramic_000050.jpg	39.763784	116.513554	458317.667675	4403414.687992	23.349901	0.015774	0.052132	3.172521	32345.347000	NULL	NULL
ladybug_panoramic_000050.jpg	39.763784	116.513554	458317.670675	4403414.673247	23.335464	0.016700	0.053327	3.172309	32345.347000	NULL	NULL
ladybug_panoramic_000050.jpg	39.763784	116.513554	458317.661182	4403414.690556	23.349838	0.015623	0.051235	3.172083	32345.347000	NULL	NULL
ladybug_panoramic_000050.jpg	39.763784	116.513554	458317.703226	4403414.666415	23.338882	0.017190	0.054624	3.172990	32345.347000	NULL	NULL
ladybug_panoramic_000050.jpg	39.763784	116.513554	458317.673118	4403414.683955	23.348394	0.016064	0.051946	3.172251	32345.347000	NULL	NULL
ladybug_panoramic_000050.jpg	39.763784	116.513554	458317.672087	4403414.670205	23.338686	0.016489	0.053383	3.172146	32345.347000	NULL	NULL
ladybug_panoramic_000050.jpg	39.763784	116.513554	458317.577249	4403414.739142	23.332794	0.013659	0.052803	3.175893	32345.347000	NULL	NULL
ladybug_panoramic_000050.jpg	39.763784	116.513554	458317.602516	4403414.731544	23.327583	0.015123	0.050976	3.174572	32345.347000	NULL	NULL
ladybug_panoramic_000050.jpg	39.763784	116.513554	458317.643412	4403414.708790	23.328133	0.015995	0.051363	3.173545	32345.347000	NULL	NULL
ladybug_panoramic_000050.jpg	39.763784	116.513554	458317.568443	4403414.769178	23.309275	0.015016	0.051100	3.176991	32345.347000	NULL	NULL
ladybug_panoramic_000050.jpg	39.763784	116.513554	458317.611548	4403414.760663	23.295593	0.017285	0.050837	3.176836	32345.347000	NULL	NULL
ladybug_panoramic_000050.jpg	39.763784	116.513554	458317.636715	4403414.727594	23.303571	0.017581	0.050269	3.174231	32345.347000	NULL	NULL
ladybug_panoramic_000050.jpg	39.763784	116.513554	458317.585280	4403414.649894	23.321644	0.015216	0.053563	3.171231	32345.347000	NULL	NULL
ladybug_panoramic_000050.jpg	39.763784	116.513554	458317.658678	4403414.698524	23.370401	0.015861	0.051997	3.172633	32345.347000	NULL	NULL
ladybug_panoramic_000050.jpg	39.763784	116.513554	458317.692389	4403414.693350	23.338879	0.017388	0.053314	3.173403	32345.347000	NULL	NULL
ladybug_panoramic_000050.jpg	39.763784	116.513554	458317.667156	4403414.696082	23.363908	0.016277	0.052290	3.172803	32345.347000	NULL	NULL
ladybug_panoramic_000050.jpg	39.763784	116.513554	458317.663943	4403414.680226	23.339634	0.016812	0.053172	3.172704	32345.347000	NULL	NULL
ladybug_panoramic_000050.jpg	39.763784	116.513554	458317.660287	4403414.691719	23.367914	0.016200	0.051997	3.172532	32345.347000	NULL	NULL
ladybug_panoramic_000050.jpg	39.763784	116.513554	458317.686655	4403414.684033	23.340247	0.017008	0.053516	3.173304	32345.347000	NULL	NULL
ladybug_panoramic_000050.jpg	39.763784	116.513554	458317.667343	4403414.688286	23.362168	0.016511	0.052329	3.172694	32345.347000	NULL	NULL
ladybug_panoramic_000050.jpg	39.763784	116.513554	458317.662577	4403414.675102	23.341924	0.016640	0.053227	3.172654	32345.347000	NULL	NULL
ladybug_panoramic_000050.jpg	39.763784	116.513554	458317.651815	4403414.713589	23.353593	0.015518	0.052893	3.173770	32345.347000	NULL	NULL
ladybug_panoramic_000050.jpg	39.763784	116.513554	458317.650649	4403414.707570	23.366738	0.015630	0.052318	3.173328	32345.347000	NULL	NULL
ladybug_panoramic_000050.jpg	39.763784	116.513554	458317.653172	4403414.700198	23.349626	0.015758	0.052659	3.173337	32345.347000	NULL	NULL
ladybug_panoramic_000050.jpg	39.763784	116.513554	458317.663990	4403414.720286	23.346332	0.016812	0.052489	3.173941	32345.347000	NULL	NULL
ladybug_panoramic_000050.jpg	39.763784	116.513554	458317.664408	4403414.712098	23.330080	0.017303	0.052919	3.174094	32345.347000	NULL	NULL
ladybug_panoramic_000050.jpg	39.763784	116.513554	458317.657739	4403414.704599	23.341462	0.016850	0.052407	3.173450	32345.347000	NULL	NULL
ladybug_panoramic_000050.jpg	39.763784	116.513554	458317.685050	4403414.698272	23.376156	0.016528	0.051843	3.171971	32345.347000	NULL	NULL
ladybug_panoramic_000050.jpg	39.763784	116.513554	458317.737061	4403414.678304	23.368763	0.019035	0.054725	3.172889	32345.347000	NULL	NULL
ladybug_panoramic_000050.jpg	39.763784	116.513554	458317.693934	4403414.692527	23.373543	0.017061	0.052502	3.172142	32345.347000	NULL	NULL
ladybug_panoramic_000050.jpg	39.763784	116.513554	458317.677651	4403414.670177	23.351560	0.017365	0.053963	3.172174	32345.347000	NULL	NULL
ladybug_panoramic_000050.jpg	39.763784	116.513554	458317.693615	4403414.700630	23.363939	0.016742	0.052918	3.172637	32345.347000	NULL	NULL
ladybug_panoramic_000050.jpg	39.763784	116.513554	458317.683879	4403414.698846	23.374424	0.016450	0.052166	3.172259	32345.347000	NULL	NULL
ladybug_panoramic_000050.jpg	39.763784	116.513554	458317.672195	4403414.692306	23.351652	0.016053	0.052453	3.172323	32345.347000	NULL	NULL
ladybug_panoramic_000050.jpg	39.763784	116.513554	458317.703652	4403414.699447	23.363444	0.017507	0.053147	3.172662	32345.347000	NULL	NULL
ladybug_panoramic_000050.jpg	39.763784	116.513554	458317.689425	4403414.683171	23.347130	0.017504	0.054007	3.172825	32345.347000	NULL	NULL
ladybug_panoramic_000050.jpg	39.763784	116.513554	458317.677870	4403414.688239	23.352031	0.016720	0.052789	3.172361	32345.347000	NULL	NULL
ladybug_panoramic_000050.jpg	39.763784	116.513554	458317.706544	4403414.691853	23.371782	0.017071	0.053338	3.172346	32345.347000	NULL	NULL
ladybug_panoramic_000050.jpg	39.763784	116.513554	458317.697653	4403414.695990	23.375397	0.016844	0.051993	3.171790	32345.347000	NULL	NULL
ladybug_panoramic_000050.jpg	39.763784	116.513554	458317.678063	4403414.689071	23.351375	0.016213	0.052307	3.171989	32345.347000	NULL	NULL
ladybug_panoramic_000050.jpg	39.763784	116.513554	458317.713809	4403414.690921	23.371403	0.017650	0.053543	3.172352	32345.347000	NULL	NULL
ladybug_panoramic_000050.jpg	39.763784	116.513554	458317.691080	4403414.669042	23.360008	0.017468	0.055025	3.172836	32345.347000	NULL	NULL
ladybug_panoramic_000050.jpg	39.763784	116.513554	458317.682550	4403414.683775	23.353796	0.016755	0.052799	3.172091	32345.347000	NULL	NULL
ladybug_panoramic_000050.jpg	39.763784	116.513554	458317.518077	4403414.726638	23.373950	0.011696	0.055527	3.178250	32345.347000	NULL	NULL
ladybug_panoramic_000050.jpg	39.763784	116.513554	458317.636527	4403414.669110	23.410171	0.013798	0.057805	3.175098	32345.347000	NULL	NULL
ladybug_panoramic_000050.jpg	39.763784	116.513554	458317.656291	4403414.719960	23.316721	0.016764	0.050193	3.172868	32345.347000	NULL	NULL
ladybug_panoramic_000050.jpg	39.763784	116.513554	458317.619021	4403414.752399	23.300181	0.016776	0.050611	3.175642	32345.347000	NULL	NULL
ladybug_panoramic_000050.jpg	39.763784	116.513554	458317.646944	4403414.666877	23.315396	0.015442	0.054441	3.174321	32345.347000	NULL	NULL
ladybug_panoramic_000050.jpg	39.763784	116.513554	458317.658926	4403414.690269	23.310842	0.015563	0.054410	3.174232	32345.347000	NULL	NULL
ladybug_panoramic_000050.jpg	39.763784	116.513554	458317.686841	4403414.705276	23.298392	0.015431	0.054246	3.174496	32345.347000	NULL	NULL
ladybug_panoramic_000050.jpg	39.763784	116.513554	458317.684125	4403414.690107	23.296874	0.015809	0.054435	3.173776	32345.347000	NULL	NULL
ladybug_panoramic_000050.jpg	39.763784	116.513554	458317.635328	4403414.656860	23.309528	0.015496	0.054741	3.173432	32345.347000	NULL	NULL
ladybug_panoramic_000050.jpg	39.763784	116.513554	458317.634811	4403414.682067	23.332077	0.013857	0.052997	3.174396	32345.347000	NULL	NULL
ladybug_panoramic_000050.jpg	39.763784	116.513554	458317.664552	4403414.692324	23.309864	0.015024	0.053956	3.174439	32345.347000	NULL	NULL
ladybug_panoramic_000050.jpg	39.763784	116.513554	458317.643058	4403414.687311	23.330656	0.014101	0.052935	3.174458	32345.347000	NULL	NULL
ladybug_panoramic_000050.jpg	39.763784	116.513554	458317.654688	4403414.691661	23.321420	0.014756	0.053582	3.174417	32345.347000	NULL	NULL
ladybug_panoramic_000050.jpg	39.763784	116.513554	458317.707526	4403414.676552	23.316496	0.016120	0.054346	3.175305	32345.347000	NULL	NULL
ladybug_panoramic_000050.jpg	39.763784	116.513554	458317.753937	4403414.678142	23.299709	0.016031	0.054265	3.176095	32345.347000	NULL	NULL
ladybug_panoramic_000050.jpg	39.763784	116.513554	458317.746779	4403414.665518	23.297735	0.016360	0.054576	3.175280	32345.347000	NULL	NULL
ladybug_panoramic_000050.jpg	39.763784	116.513554	458317.678661	4403414.649053	23.313666	0.015909	0.054661	3.174346	32345.347000	NULL	NULL
ladybug_panoramic_000050.jpg	39.763784	116.513554	458317.639637	4403414.663150	23.347860	0.014471	0.052889	3.174684	32345.347000	NULL	NULL
ladybug_panoramic_000050.jpg	39.763784	116.513554	458317.674507	4403414.663684	23.317974	0.015657	0.054224	3.174872	32345.347000	NULL	NULL
ladybug_panoramic_000050.jpg	39.763784	116.513554	458317.643865	4403414.664134	23.345935	0.014683	0.052919	3.174711	32345.347000	NULL	NULL
ladybug_panoramic_000050.jpg	39.763784	116.513554	458317.654820	4403414.664046	23.333357	0.015199	0.053632	3.174727	32345.347000	NULL	NULL
ladybug_panoramic_000050.jpg	39.763784	116.513554	458317.748069	4403414.684913	23.338916	0.016592	0.053185	3.175974	32345.347000	NULL	NULL
ladybug_panoramic_000050.jpg	39.763784	116.513554	458317.818268	4403414.658859	23.345931	0.017807	0.053594	3.176722	32345.347000	NULL	NULL
ladybug_panoramic_000050.jpg	39.763784	116.513554	458317.709764	4403414.666202	23.327087	0.016507	0.054266	3.174549	32345.347000	NULL	NULL
ladybug_panoramic_000050.jpg	39.763784	116.513554	458317.628192	4403414.709086	23.343039	0.014471	0.052588	3.173829	32345.347000	NULL	NULL
ladybug_panoramic_000050.jpg	39.763784	116.513554	458317.670695	4403414.693486	23.323788	0.015768	0.053855	3.174457	32345.347000	NULL	NULL
ladybug_panoramic_000050.jpg	39.763784	116.513554	458317.644675	4403414.705945	23.343309	0.014878	0.052633	3.174110	32345.347000	NULL	NULL
ladybug_panoramic_000050.jpg	39.763784	116.513554	458317.655016	4403414.698972	23.329962	0.015399	0.053469	3.174201	32345.347000	NULL	NULL
ladybug_panoramic_000050.jpg	39.763784	116.513554	458318.128369	4403414.462783	23.153412	0.017092	0.058851	3.184922	32345.347000	NULL	NULL
ladybug_panoramic_000050.jpg	39.763784	116.513554	458317.868983	4403414.574901	23.255371	0.015753	0.056026	3.178922	32345.347000	NULL	NULL
ladybug_panoramic_000050.jpg	39.763784	116.513554	458317.619871	4403414.755680	23.369963	0.015960	0.052122	3.172811	32345.347000	NULL	NULL
ladybug_panoramic_000050.jpg	39.763784	116.513554	458317.669112	4403414.721344	23.323803	0.015670	0.053493	3.174037	32345.347000	NULL	NULL
ladybug_panoramic_000050.jpg	39.763784	116.513554	458317.646401	4403414.741993	23.360392	0.016044	0.052418	3.173452	32345.347000	NULL	NULL
ladybug_panoramic_000050.jpg	39.763784	116.513554	458317.656038	4403414.727656	23.327874	0.015629	0.053368	3.173720	32345.347000	NULL	NULL
ladybug_panoramic_000050.jpg	39.763784	116.513554	458318.110706	4403414.491463	23.382747	0.020414	0.053855	3.184497	32345.347000	NULL	NULL
ladybug_panoramic_000050.jpg	39.763784	116.513554	458317.647679	4403414.726636	23.389636	0.017015	0.052156	3.172674	32345.347000	NULL	NULL
ladybug_panoramic_000050.jpg	39.763784	116.513554	458317.691875	4403414.687714	23.325876	0.016423	0.053861	3.173955	32345.347000	NULL	NULL
ladybug_panoramic_000050.jpg	39.763784	116.513554	458317.664519	4403414.715957	23.373935	0.016918	0.052580	3.173119	32345.347000	NULL	NULL
ladybug_panoramic_000050.jpg	39.763784	116.513554	458317.664639	4403414.703402	23.335493	0.016293	0.053514	3.173262	32345.347000	NULL	NULL
ladybug_panoramic_000050.jpg	39.763784	116.513554	458317.661552	4403414.662499	23.401551	0.017547	0.052400	3.173900	32345.347000	NULL	NULL
ladybug_panoramic_000050.jpg	39.763784	116.513554	458317.687043	4403414.625336	23.315959	0.015931	0.054710	3.174939	32345.347000	NULL	NULL
ladybug_panoramic_000050.jpg	39.763784	116.513554	458317.662418	4403414.659531	23.383389	0.017220	0.052879	3.173946	32345.347000	NULL	NULL
ladybug_panoramic_000050.jpg	39.763784	116.513554	458317.661349	4403414.648428	23.347084	0.016441	0.053857	3.174104	32345.347000	NULL	NULL
ladybug_panoramic_000050.jpg	39.763784	116.513554	458317.638937	4403414.745453	23.336762	0.014719	0.052854	3.173502	32345.347000	NULL	NULL
ladybug_panoramic_000050.jpg	39.763784	116.513554	458317.638566	4403414.725729	23.371854	0.016144	0.052454	3.173499	32345.347000	NULL	NULL
ladybug_panoramic_000050.jpg	39.763784	116.513554	458317.646419	4403414.702075	23.341380	0.014908	0.052937	3.174032	32345.347000	NULL	NULL
ladybug_panoramic_000050.jpg	39.763784	116.513554	458317.654513	4403414.761085	23.344392	0.015760	0.052732	3.173453	32345.347000	NULL	NULL
ladybug_panoramic_000050.jpg	39.763784	116.513554	458317.659054	4403414.724801	23.327235	0.015523	0.053465	3.173955	32345.347000	NULL	NULL
ladybug_panoramic_000050.jpg	39.763784	116.513554	458317.651133	4403414.721080	23.339549	0.015410	0.052906	3.173849	32345.347000	NULL	NULL
ladybug_panoramic_000050.jpg	39.763784	116.513554	458317.660842	4403414.645508	23.197172	0.024933	0.057347	3.172169	32345.347000	NULL	NULL
ladybug_panoramic_000050.jpg	39.763784	116.513554	458317.614284	4403414.627185	23.308707	0.016377	0.054267	3.172388	32345.347000	NULL	NULL
ladybug_panoramic_000050.jpg	39.763784	116.513554	458317.586969	4403414.609164	23.313585	0.016563	0.054711	3.171724	32345.347000	NULL	NULL
ladybug_panoramic_000050.jpg	39.763784	116.513554	458317.595642	4403414.621364	23.323262	0.015624	0.054384	3.172379	32345.347000	NULL	NULL
ladybug_panoramic_000050.jpg	39.763784	116.513554	458317.641607	4403414.661120	23.352566	0.012567	0.053410	3.174314	32345.347000	NULL	NULL
ladybug_panoramic_000050.jpg	39.763784	116.513554	458317.662648	4403414.669067	23.319452	0.014879	0.054237	3.174415	32345.347000	NULL	NULL
ladybug_panoramic_000050.jpg	39.763784	116.513554	458317.642926	4403414.661963	23.357001	0.012201	0.053292	3.174402	32345.347000	NULL	NULL
ladybug_panoramic_000050.jpg	39.763784	116.513554	458317.653639	4403414.664096	23.338763	0.013568	0.053711	3.174341	32345.347000	NULL	NULL
ladybug_panoramic_000050.jpg	39.763784	116.513554	458317.658553	4403414.682145	23.298532	0.016525	0.054352	3.173656	32345.347000	NULL	NULL
ladybug_panoramic_000050.jpg	39.763784	116.513554	458317.650940	4403414.661288	23.295980	0.016992	0.054958	3.172610	32345.347000	NULL	NULL
ladybug_panoramic_000050.jpg	39.763784	116.513554	458317.645033	4403414.660306	23.311164	0.015790	0.054599	3.172736	32345.347000	NULL	NULL
ladybug_panoramic_000050.jpg	39.763784	116.513554	458317.644352	4403414.686218	23.349031	0.012512	0.053492	3.174125	32345.347000	NULL	NULL
ladybug_panoramic_000050.jpg	39.763784	116.513554	458317.661240	4403414.690877	23.320487	0.014808	0.054136	3.174335	32345.347000	NULL	NULL
ladybug_panoramic_000050.jpg	39.763784	116.513554	458317.647465	4403414.690294	23.353346	0.012167	0.053345	3.174346	32345.347000	NULL	NULL
ladybug_panoramic_000050.jpg	39.763784	116.513554	458317.655677	4403414.690831	23.334586	0.013716	0.053789	3.174347	32345.347000	NULL	NULL
ladybug_panoramic_000050.jpg	39.763784	116.513554	458317.599598	4403414.615247	23.310278	0.015811	0.054276	3.171938	32345.347000	NULL	NULL
ladybug_panoramic_000050.jpg	39.763784	116.513554	458317.613553	4403414.631041	23.314531	0.015255	0.054178	3.172449	32345.347000	NULL	NULL
ladybug_panoramic_000050.jpg	39.763784	116.513554	458317.651683	4403414.675968	23.345586	0.012266	0.053513	3.173924	32345.347000	NULL	NULL
ladybug_panoramic_000050.jpg	39.763784	116.513554	458317.668991	4403414.689369	23.312765	0.014608	0.054030	3.174121	32345.347000	NULL	NULL
ladybug_panoramic_000050.jpg	39.763784	116.513554	458317.654894	4403414.680004	23.350509	0.011907	0.053391	3.174060	32345.347000	NULL	NULL
ladybug_panoramic_000050.jpg	39.763784	116.513554	458317.661116	4403414.684948	23.332547	0.013237	0.053707	3.174083	32345.347000	NULL	NULL
ladybug_panoramic_000050.jpg	39.763784	116.513554	458317.590552	4403414.613548	23.317631	0.015510	0.054273	3.172124	32345.347000	NULL	NULL
ladybug_panoramic_000050.jpg	39.763784	116.513554	458317.654975	4403414.663304	23.333310	0.013561	0.052627	3.173522	32345.347000	NULL	NULL
ladybug_panoramic_000050.jpg	39.763784	116.513554	458317.681298	4403414.675663	23.305435	0.015314	0.053882	3.173600	32345.347000	NULL	NULL
ladybug_panoramic_000050.jpg	39.763784	116.513554	458317.657789	4403414.662937	23.332904	0.013787	0.052645	3.173534	32345.347000	NULL	NULL
ladybug_panoramic_000050.jpg	39.763784	116.513554	458317.662017	4403414.663746	23.323882	0.014786	0.053306	3.173360	32345.347000	NULL	NULL
ladybug_panoramic_000050.jpg	39.763784	116.513554	458317.650867	4403414.656504	23.331784	0.014053	0.052848	3.173509	32345.347000	NULL	NULL
ladybug_panoramic_000050.jpg	39.763784	116.513554	458317.674874	4403414.664444	23.308797	0.015110	0.054137	3.173607	32345.347000	NULL	NULL
ladybug_panoramic_000050.jpg	39.763784	116.513554	458317.653247	4403414.654734	23.331484	0.014349	0.052864	3.173507	32345.347000	NULL	NULL
ladybug_panoramic_000050.jpg	39.763784	116.513554	458317.658666	4403414.656198	23.325262	0.015028	0.053557	3.173356	32345.347000	NULL	NULL
ladybug_panoramic_000050.jpg	39.763784	116.513554	458317.643930	4403414.685119	23.332322	0.012677	0.053848	3.174296	32345.347000	NULL	NULL
ladybug_panoramic_000050.jpg	39.763784	116.513554	458317.643163	4403414.675277	23.346980	0.011977	0.053284	3.174340	32345.347000	NULL	NULL
ladybug_panoramic_000050.jpg	39.763784	116.513554	458317.651467	4403414.676123	23.339519	0.012226	0.053469	3.174333	32345.347000	NULL	NULL
ladybug_panoramic_000050.jpg	39.763784	116.513554	458317.648239	4403414.690998	23.332025	0.013080	0.053593	3.174361	32345.347000	NULL	NULL
ladybug_panoramic_000050.jpg	39.763784	116.513554	458317.656403	4403414.691564	23.324868	0.013953	0.053893	3.174367	32345.347000	NULL	NULL
ladybug_panoramic_000050.jpg	39.763784	116.513554	458317.652149	4403414.680770	23.340570	0.012061	0.053323	3.174443	32345.347000	NULL	NULL
ladybug_panoramic_000050.jpg	39.763784	116.513554	458317.705506	4403414.672578	23.321714	0.015763	0.053902	3.174925	32345.347000	NULL	NULL
ladybug_panoramic_000050.jpg	39.763784	116.513554	458317.683755	4403414.651474	23.302320	0.017206	0.054873	3.173403	32345.347000	NULL	NULL
ladybug_panoramic_000050.jpg	39.763784	116.513554	458317.675695	4403414.651834	23.317927	0.016075	0.054469	3.173470	32345.347000	NULL	NULL
ladybug_panoramic_000050.jpg	39.763784	116.513554	458317.658840	4403414.669074	23.356954	0.013064	0.053361	3.174208	32345.347000	NULL	NULL
ladybug_panoramic_000050.jpg	39.763784	116.513554	458317.683491	4403414.668675	23.319838	0.015922	0.054212	3.174474	32345.347000	NULL	NULL
ladybug_panoramic_000050.jpg	39.763784	116.513554	458317.659261	4403414.671322	23.359412	0.012893	0.053264	3.174308	32345.347000	NULL	NULL
ladybug_panoramic_000050.jpg	39.763784	116.513554	458317.663370	4403414.670164	23.339847	0.014311	0.053779	3.174267	32345.347000	NULL	NULL
ladybug_panoramic_000050.jpg	39.763784	116.513554	458317.597057	4403414.616253	23.327162	0.015887	0.053834	3.171883	32345.347000	NULL	NULL
ladybug_panoramic_000050.jpg	39.763784	116.513554	458317.626047	4403414.628698	23.326645	0.015585	0.053842	3.172733	32345.347000	NULL	NULL
ladybug_panoramic_000050.jpg	39.763784	116.513554	458317.664046	4403414.649841	23.356654	0.013090	0.053248	3.174098	32345.347000	NULL	NULL
ladybug_panoramic_000050.jpg	39.763784	116.513554	458317.687754	4403414.654019	23.312855	0.015858	0.054056	3.174389	32345.347000	NULL	NULL
ladybug_panoramic_000050.jpg	39.763784	116.513554	458317.662231	4403414.649502	23.359118	0.012991	0.053182	3.174065	32345.347000	NULL	NULL
ladybug_panoramic_000050.jpg	39.763784	116.513554	458317.664472	4403414.648380	23.340371	0.014252	0.053549	3.173977	32345.347000	NULL	NULL
ladybug_panoramic_000050.jpg	39.763784	116.513554	458317.585029	4403414.617068	23.332148	0.015795	0.053935	3.171953	32345.347000	NULL	NULL
ladybug_panoramic_000050.jpg	39.763784	116.513554	458317.666054	4403414.640366	23.348906	0.014264	0.052511	3.173844	32345.347000	NULL	NULL
ladybug_panoramic_000050.jpg	39.763784	116.513554	458317.696381	4403414.642739	23.310909	0.016162	0.054170	3.174041	32345.347000	NULL	NULL
ladybug_panoramic_000050.jpg	39.763784	116.513554	458317.664016	4403414.638226	23.347073	0.014521	0.052613	3.173750	32345.347000	NULL	NULL
ladybug_panoramic_000050.jpg	39.763784	116.513554	458317.664703	4403414.636589	23.334834	0.015345	0.053302	3.173565	32345.347000	NULL	NULL
ladybug_panoramic_000050.jpg	39.763784	116.513554	458317.662151	4403414.638876	23.345902	0.014703	0.052652	3.173875	32345.347000	NULL	NULL
ladybug_panoramic_000050.jpg	39.763784	116.513554	458317.689689	4403414.640406	23.315006	0.015783	0.054323	3.174101	32345.347000	NULL	NULL
ladybug_panoramic_000050.jpg	39.763784	116.513554	458317.660604	4403414.636927	23.344158	0.014979	0.052748	3.173794	32345.347000	NULL	NULL
ladybug_panoramic_000050.jpg	39.763784	116.513554	458317.662346	4403414.636248	23.334670	0.015464	0.053468	3.173672	32345.347000	NULL	NULL
ladybug_panoramic_000050.jpg	39.763784	116.513554	458317.653834	4403414.661214	23.341656	0.013524	0.053921	3.174495	32345.347000	NULL	NULL
ladybug_panoramic_000050.jpg	39.763784	116.513554	458317.652289	4403414.651647	23.358621	0.012972	0.053173	3.174413	32345.347000	NULL	NULL
ladybug_panoramic_000050.jpg	39.763784	116.513554	458317.657800	4403414.650103	23.349834	0.013111	0.053432	3.174431	32345.347000	NULL	NULL
ladybug_panoramic_000050.jpg	39.763784	116.513554	458317.656517	4403414.663045	23.340267	0.014070	0.053669	3.174508	32345.347000	NULL	NULL
ladybug_panoramic_000050.jpg	39.763784	116.513554	458317.661814	4403414.661151	23.332105	0.014794	0.054027	3.174533	32345.347000	NULL	NULL
ladybug_panoramic_000050.jpg	39.763784	116.513554	458317.657300	4403414.650173	23.349971	0.013279	0.053306	3.174398	32345.347000	NULL	NULL
ladybug_panoramic_000050.jpg	39.763784	116.513554	458317.221113	4403414.707085	23.211178	0.013696	0.056627	3.162765	32345.347000	NULL	NULL
ladybug_panoramic_000050.jpg	39.763784	116.513554	458317.338350	4403414.703116	23.261847	0.012850	0.055453	3.165802	32345.347000	NULL	NULL
ladybug_panoramic_000050.jpg	39.763784	116.513554	458317.644759	4403414.694033	23.353499	0.013339	0.053089	3.173653	32345.347000	NULL	NULL
ladybug_panoramic_000050.jpg	39.763784	116.513554	458317.681431	4403414.687402	23.321475	0.016260	0.053663	3.174268	32345.347000	NULL	NULL
ladybug_panoramic_000050.jpg	39.763784	116.513554	458317.653924	4403414.693627	23.355623	0.013453	0.053010	3.173872	32345.347000	NULL	NULL
ladybug_panoramic_000050.jpg	39.763784	116.513554	458317.659834	4403414.690487	23.333810	0.015021	0.053442	3.173850	32345.347000	NULL	NULL
ladybug_panoramic_000050.jpg	39.763784	116.513554	458317.296925	4403414.707298	23.256599	0.012657	0.055027	3.164871	32345.347000	NULL	NULL
ladybug_panoramic_000050.jpg	39.763784	116.513554	458317.664716	4403414.677119	23.354050	0.014842	0.052341	3.173273	32345.347000	NULL	NULL
ladybug_panoramic_000050.jpg	39.763784	116.513554	458317.704007	4403414.663085	23.323234	0.016953	0.054006	3.173867	32345.347000	NULL	NULL
ladybug_panoramic_000050.jpg	39.763784	116.513554	458317.670620	4403414.675170	23.350937	0.015208	0.052512	3.173346	32345.347000	NULL	NULL
ladybug_panoramic_000050.jpg	39.763784	116.513554	458317.668456	4403414.671193	23.333862	0.015997	0.053347	3.173165	32345.347000	NULL	NULL
ladybug_panoramic_000050.jpg	39.763784	116.513554	458317.668591	4403414.669892	23.352827	0.015300	0.052435	3.173265	32345.347000	NULL	NULL
ladybug_panoramic_000050.jpg	39.763784	116.513554	458317.698593	4403414.658841	23.325756	0.016446	0.054177	3.173862	32345.347000	NULL	NULL
ladybug_panoramic_000050.jpg	39.763784	116.513554	458317.672925	4403414.668138	23.349779	0.015625	0.052615	3.173311	32345.347000	NULL	NULL
ladybug_panoramic_000050.jpg	39.763784	116.513554	458317.668518	4403414.665354	23.335386	0.015940	0.053480	3.173184	32345.347000	NULL	NULL
ladybug_panoramic_000050.jpg	39.763784	116.513554	458317.631012	4403414.709107	23.337711	0.012885	0.053752	3.174138	32345.347000	NULL	NULL
ladybug_panoramic_000050.jpg	39.763784	116.513554	458317.641659	4403414.697077	23.353335	0.013131	0.053034	3.173993	32345.347000	NULL	NULL
ladybug_panoramic_000050.jpg	39.763784	116.513554	458317.651274	4403414.689836	23.344989	0.013311	0.053405	3.174058	32345.347000	NULL	NULL
ladybug_panoramic_000050.jpg	39.763784	116.513554	458317.643287	4403414.709629	23.338705	0.013837	0.053384	3.174265	32345.347000	NULL	NULL
ladybug_panoramic_000050.jpg	39.763784	116.513554	458317.657315	4403414.699039	23.329717	0.014956	0.053745	3.174293	32345.347000	NULL	NULL
ladybug_panoramic_000050.jpg	39.763784	116.513554	458317.652759	4403414.694333	23.343960	0.013697	0.053216	3.174145	32345.347000	NULL	NULL
ladybug_panoramic_000050.jpg	39.763784	116.513554	458316.925270	4403414.822517	23.357460	0.013243	0.052409	3.155538	32345.347000	NULL	NULL
ladybug_panoramic_000050.jpg	39.763784	116.513554	458317.687314	4403414.612281	23.391656	0.016508	0.052095	3.174031	32345.347000	NULL	NULL
ladybug_panoramic_000050.jpg	39.763784	116.513554	458317.708933	4403414.584752	23.301501	0.016179	0.054581	3.174600	32345.347000	NULL	NULL
ladybug_panoramic_000050.jpg	39.763784	116.513554	458317.676539	4403414.610633	23.376842	0.016409	0.052500	3.173777	32345.347000	NULL	NULL
ladybug_panoramic_000050.jpg	39.763784	116.513554	458317.669392	4403414.606697	23.349023	0.016267	0.053257	3.173609	32345.347000	NULL	NULL
ladybug_panoramic_000050.jpg	39.763784	116.513554	458317.679264	4403414.629304	23.394576	0.017253	0.051862	3.173854	32345.347000	NULL	NULL
ladybug_panoramic_000050.jpg	39.763784	116.513554	458317.695641	4403414.606893	23.302992	0.015337	0.054576	3.174483	32345.347000	NULL	NULL
ladybug_panoramic_000050.jpg	39.763784	116.513554	458317.672475	4403414.627078	23.375716	0.016846	0.052417	3.173733	32345.347000	NULL	NULL
ladybug_panoramic_000050.jpg	39.763784	116.513554	458317.667080	4403414.623078	23.346112	0.016186	0.053289	3.173670	32345.347000	NULL	NULL
ladybug_panoramic_000050.jpg	39.763784	116.513554	458317.612393	4403414.779110	23.323365	0.011264	0.053799	3.173242	32345.347000	NULL	NULL
ladybug_panoramic_000050.jpg	39.763784	116.513554	458317.650002	4403414.696917	23.363551	0.014555	0.052731	3.173636	32345.347000	NULL	NULL
ladybug_panoramic_000050.jpg	39.763784	116.513554	458317.660953	4403414.663114	23.343383	0.012399	0.053599	3.174085	32345.347000	NULL	NULL
ladybug_panoramic_000050.jpg	39.763784	116.513554	458317.625148	4403414.842604	23.342114	0.014301	0.052678	3.173351	32345.347000	NULL	NULL
ladybug_panoramic_000050.jpg	39.763784	116.513554	458317.654157	4403414.750885	23.324550	0.014828	0.053445	3.173843	32345.347000	NULL	NULL
ladybug_panoramic_000050.jpg	39.763784	116.513554	458317.657479	4403414.692331	23.342881	0.013300	0.053314	3.173948	32345.347000	NULL	NULL
ladybug_panoramic_000050.jpg	39.763784	116.513554	458317.688427	4403414.608292	23.416195	0.018126	0.052158	3.174092	32345.347000	NULL	NULL
ladybug_panoramic_000050.jpg	39.763784	116.513554	458317.702722	4403414.582043	23.308232	0.016027	0.054740	3.174822	32345.347000	NULL	NULL
ladybug_panoramic_000050.jpg	39.763784	116.513554	458317.675407	4403414.606363	23.392138	0.017595	0.052721	3.173867	32345.347000	NULL	NULL
ladybug_panoramic_000050.jpg	39.763784	116.513554	458317.667257	4403414.600148	23.355817	0.016789	0.053553	3.173817	32345.347000	NULL	NULL
ladybug_panoramic_000050.jpg	39.763784	116.513554	458317.670550	4403414.687910	23.336733	0.014917	0.053015	3.173432	32345.347000	NULL	NULL
ladybug_panoramic_000050.jpg	39.763784	116.513554	458317.683326	4403414.592839	23.398300	0.017139	0.052528	3.174158	32345.347000	NULL	NULL
ladybug_panoramic_000050.jpg	39.763784	116.513554	458317.672285	4403414.599032	23.358413	0.015083	0.052814	3.174245	32345.347000	NULL	NULL
ladybug_panoramic_000050.jpg	39.763784	116.513554	458317.680070	4403414.707014	23.348256	0.016411	0.052977	3.173241	32345.347000	NULL	NULL
ladybug_panoramic_000050.jpg	39.763784	116.513554	458317.677729	4403414.669106	23.332742	0.016252	0.053662	3.173588	32345.347000	NULL	NULL
ladybug_panoramic_000050.jpg	39.763784	116.513554	458317.671711	4403414.544183	23.372459	0.016244	0.053105	3.174430	32345.347000	NULL	NULL
ladybug_panoramic_000050.jpg	39.763784	116.513554	458317.677641	4403414.641563	23.339627	0.015244	0.053434	3.174106	32345.347000	NULL	NULL
ladybug_panoramic_000050.jpg	39.763784	116.513554	458317.674676	4403414.617235	23.397845	0.017594	0.052424	3.174032	32345.347000	NULL	NULL
ladybug_panoramic_000050.jpg	39.763784	116.513554	458317.667670	4403414.609815	23.358675	0.015609	0.052887	3.174291	32345.347000	NULL	NULL
ladybug_panoramic_000050.jpg	39.763784	116.513554	458317.681814	4403414.651476	23.349347	0.016378	0.053375	3.173891	32345.347000	NULL	NULL
ladybug_panoramic_000050.jpg	39.763784	116.513554	458317.675886	4403414.635570	23.337184	0.016169	0.054016	3.174084	32345.347000	NULL	NULL
ladybug_panoramic_000050.jpg	39.763784	116.513554	458317.665689	4403414.601475	23.362832	0.016361	0.053047	3.174178	32345.347000	NULL	NULL
ladybug_panoramic_000050.jpg	39.763784	116.513554	458317.614871	4403414.776783	23.322861	0.011328	0.053304	3.173639	32345.347000	NULL	NULL
ladybug_panoramic_000050.jpg	39.763784	116.513554	458317.643042	4403414.718305	23.325518	0.012273	0.053677	3.174010	32345.347000	NULL	NULL
ladybug_panoramic_000050.jpg	39.763784	116.513554	458317.657729	4403414.623268	23.346594	0.011352	0.053549	3.174862	32345.347000	NULL	NULL
ladybug_panoramic_000050.jpg	39.763784	116.513554	458317.643322	4403414.771947	23.325244	0.013598	0.053083	3.173778	32345.347000	NULL	NULL
ladybug_panoramic_000050.jpg	39.763784	116.513554	458317.659573	4403414.669975	23.305833	0.016610	0.056942	3.173895	32345.347000	NULL	NULL
ladybug_panoramic_000050.jpg	39.763784	116.513554	458317.670702	4403414.675388	23.309611	0.015497	0.054257	3.174409	32345.347000	NULL	NULL
ladybug_panoramic_000050.jpg	39.763784	116.513554	458317.670724	4403414.661995	23.302569	0.016496	0.055430	3.173461	32345.347000	NULL	NULL
ladybug_panoramic_000050.jpg	39.763784	116.513554	458317.605220	4403414.633394	23.311359	0.018313	0.060787	3.172088	32345.347000	NULL	NULL
ladybug_panoramic_000050.jpg	39.763784	116.513554	458317.602196	4403414.665037	23.334801	0.013920	0.051852	3.175487	32345.347000	NULL	NULL
ladybug_panoramic_000050.jpg	39.763784	116.513554	458317.647888	4403414.673253	23.318301	0.015190	0.054117	3.175031	32345.347000	NULL	NULL
ladybug_panoramic_000050.jpg	39.763784	116.513554	458317.610935	4403414.667148	23.332315	0.014036	0.051912	3.175509	32345.347000	NULL	NULL
ladybug_panoramic_000050.jpg	39.763784	116.513554	458317.638712	4403414.672819	23.324715	0.014645	0.052895	3.175292	32345.347000	NULL	NULL
ladybug_panoramic_000050.jpg	39.763784	116.513554	458317.664927	4403414.692022	23.310685	0.015516	0.054208	3.174157	32345.347000	NULL	NULL
ladybug_panoramic_000050.jpg	39.763784	116.513554	458317.672798	4403414.676707	23.302428	0.016555	0.055376	3.173224	32345.347000	NULL	NULL
ladybug_panoramic_000050.jpg	39.763784	116.513554	458317.661904	4403414.662615	23.301247	0.017041	0.057928	3.172767	32345.347000	NULL	NULL
ladybug_panoramic_000050.jpg	39.763784	116.513554	458317.630806	4403414.695727	23.329437	0.014009	0.052266	3.174540	32345.347000	NULL	NULL
ladybug_panoramic_000050.jpg	39.763784	116.513554	458317.659072	4403414.693262	23.316487	0.015255	0.054054	3.174553	32345.347000	NULL	NULL
ladybug_panoramic_000050.jpg	39.763784	116.513554	458317.638267	4403414.698840	23.327357	0.014219	0.052215	3.174690	32345.347000	NULL	NULL
ladybug_panoramic_000050.jpg	39.763784	116.513554	458317.650755	4403414.696229	23.322296	0.014896	0.053368	3.174615	32345.347000	NULL	NULL
ladybug_panoramic_000050.jpg	39.763784	116.513554	458317.696437	4403414.696258	23.294726	0.015590	0.054183	3.173821	32345.347000	NULL	NULL
ladybug_panoramic_000050.jpg	39.763784	116.513554	458317.663002	4403414.671911	23.303583	0.015361	0.054454	3.173469	32345.347000	NULL	NULL
ladybug_panoramic_000050.jpg	39.763784	116.513554	458317.647093	4403414.688023	23.330938	0.014127	0.053003	3.174074	32345.347000	NULL	NULL
ladybug_panoramic_000050.jpg	39.763784	116.513554	458317.673152	4403414.696549	23.307643	0.015134	0.053872	3.174233	32345.347000	NULL	NULL
ladybug_panoramic_000050.jpg	39.763784	116.513554	458317.654655	4403414.693426	23.328747	0.014410	0.052930	3.174160	32345.347000	NULL	NULL
ladybug_panoramic_000050.jpg	39.763784	116.513554	458317.660775	4403414.695957	23.319516	0.014883	0.053543	3.174159	32345.347000	NULL	NULL
ladybug_panoramic_000050.jpg	39.763784	116.513554	458317.753280	4403414.716145	23.285865	0.016432	0.055337	3.173090	32345.347000	NULL	NULL
ladybug_panoramic_000050.jpg	39.763784	116.513554	458317.656160	4403414.682035	23.315358	0.013481	0.051657	3.173912	32345.347000	NULL	NULL
ladybug_panoramic_000050.jpg	39.763784	116.513554	458317.694325	4403414.697829	23.299869	0.015205	0.053561	3.173571	32345.347000	NULL	NULL
ladybug_panoramic_000050.jpg	39.763784	116.513554	458317.665226	4403414.688732	23.313296	0.013664	0.051721	3.173896	32345.347000	NULL	NULL
ladybug_panoramic_000050.jpg	39.763784	116.513554	458317.668647	4403414.689530	23.312183	0.014396	0.052603	3.173724	32345.347000	NULL	NULL
ladybug_panoramic_000050.jpg	39.763784	116.513554	458317.640996	4403414.665620	23.314912	0.013686	0.051426	3.174212	32345.347000	NULL	NULL
ladybug_panoramic_000050.jpg	39.763784	116.513554	458317.686703	4403414.682435	23.306480	0.015326	0.054169	3.173569	32345.347000	NULL	NULL
ladybug_panoramic_000050.jpg	39.763784	116.513554	458317.648804	4403414.668959	23.313912	0.013887	0.051598	3.174156	32345.347000	NULL	NULL
ladybug_panoramic_000050.jpg	39.763784	116.513554	458317.661048	4403414.674009	23.317901	0.014897	0.053176	3.173748	32345.347000	NULL	NULL
ladybug_panoramic_000050.jpg	39.763784	116.513554	458317.626291	4403414.685430	23.311888	0.013677	0.052398	3.175146	32345.347000	NULL	NULL
ladybug_panoramic_000050.jpg	39.763784	116.513554	458317.607727	4403414.672924	23.316217	0.013264	0.051178	3.175550	32345.347000	NULL	NULL
ladybug_panoramic_000050.jpg	39.763784	116.513554	458317.631721	4403414.679687	23.311047	0.013363	0.051243	3.175302	32345.347000	NULL	NULL
ladybug_panoramic_000050.jpg	39.763784	116.513554	458317.634540	4403414.692080	23.308924	0.013958	0.052190	3.175108	32345.347000	NULL	NULL
ladybug_panoramic_000050.jpg	39.763784	116.513554	458317.648646	4403414.693644	23.313089	0.014600	0.053053	3.174904	32345.347000	NULL	NULL
ladybug_panoramic_000050.jpg	39.763784	116.513554	458317.634827	4403414.685800	23.308969	0.013455	0.051217	3.175326	32345.347000	NULL	NULL
ladybug_panoramic_000050.jpg	39.763784	116.513554	458317.717292	4403414.677955	23.317940	0.016033	0.053939	3.175347	32345.347000	NULL	NULL
ladybug_panoramic_000050.jpg	39.763784	116.513554	458317.726500	4403414.660648	23.301056	0.017286	0.055894	3.174290	32345.347000	NULL	NULL
ladybug_panoramic_000050.jpg	39.763784	116.513554	458317.697162	4403414.641950	23.279935	0.018222	0.061244	3.173048	32345.347000	NULL	NULL
ladybug_panoramic_000050.jpg	39.763784	116.513554	458317.638967	4403414.682639	23.341048	0.014479	0.052205	3.174749	32345.347000	NULL	NULL
ladybug_panoramic_000050.jpg	39.763784	116.513554	458317.675294	4403414.674578	23.321734	0.015812	0.054462	3.174787	32345.347000	NULL	NULL
ladybug_panoramic_000050.jpg	39.763784	116.513554	458317.644972	4403414.683983	23.338580	0.014687	0.052284	3.174855	32345.347000	NULL	NULL
ladybug_panoramic_000050.jpg	39.763784	116.513554	458317.655533	4403414.680368	23.330310	0.015250	0.053552	3.174823	32345.347000	NULL	NULL
ladybug_panoramic_000050.jpg	39.763784	116.513554	458317.774404	4403414.669934	23.294494	0.016134	0.054217	3.175645	32345.347000	NULL	NULL
ladybug_panoramic_000050.jpg	39.763784	116.513554	458317.723172	4403414.656677	23.306517	0.015795	0.054317	3.174834	32345.347000	NULL	NULL
ladybug_panoramic_000050.jpg	39.763784	116.513554	458317.651740	4403414.665786	23.345447	0.014682	0.052757	3.174436	32345.347000	NULL	NULL
ladybug_panoramic_000050.jpg	39.763784	116.513554	458317.683351	4403414.666307	23.314429	0.015709	0.054032	3.174697	32345.347000	NULL	NULL
ladybug_panoramic_000050.jpg	39.763784	116.513554	458317.654996	4403414.667174	23.342720	0.014918	0.052788	3.174466	32345.347000	NULL	NULL
ladybug_panoramic_000050.jpg	39.763784	116.513554	458317.660728	4403414.667072	23.330747	0.015277	0.053466	3.174480	32345.347000	NULL	NULL
ladybug_panoramic_000050.jpg	39.763784	116.513554	458317.852012	4403414.675370	23.277604	0.016720	0.055438	3.175665	32345.347000	NULL	NULL
ladybug_panoramic_000050.jpg	39.763784	116.513554	458317.657432	4403414.655325	23.339349	0.014426	0.051900	3.174377	32345.347000	NULL	NULL
ladybug_panoramic_000050.jpg	39.763784	116.513554	458317.697072	4403414.657442	23.311948	0.015991	0.054209	3.174270	32345.347000	NULL	NULL
ladybug_panoramic_000050.jpg	39.763784	116.513554	458317.659191	4403414.656137	23.337146	0.014627	0.052113	3.174327	32345.347000	NULL	NULL
ladybug_panoramic_000050.jpg	39.763784	116.513554	458317.663837	4403414.655718	23.329489	0.015233	0.053080	3.174170	32345.347000	NULL	NULL
ladybug_panoramic_000050.jpg	39.763784	116.513554	458317.645019	4403414.647916	23.339086	0.014681	0.051714	3.174626	32345.347000	NULL	NULL
ladybug_panoramic_000050.jpg	39.763784	116.513554	458317.687942	4403414.650138	23.317219	0.015938	0.054742	3.174343	32345.347000	NULL	NULL
ladybug_panoramic_000050.jpg	39.763784	116.513554	458317.647181	4403414.647900	23.337267	0.014876	0.052043	3.174558	32345.347000	NULL	NULL
ladybug_panoramic_000050.jpg	39.763784	116.513554	458317.657275	4403414.648734	23.332019	0.015487	0.053445	3.174327	32345.347000	NULL	NULL
ladybug_panoramic_000050.jpg	39.763784	116.513554	458317.629946	4403414.667722	23.334362	0.014586	0.053077	3.175431	32345.347000	NULL	NULL
ladybug_panoramic_000050.jpg	39.763784	116.513554	458317.612685	4403414.661582	23.343337	0.014407	0.051794	3.175579	32345.347000	NULL	NULL
ladybug_panoramic_000050.jpg	39.763784	116.513554	458317.633765	4403414.660016	23.334857	0.014436	0.052058	3.175513	32345.347000	NULL	NULL
ladybug_panoramic_000050.jpg	39.763784	116.513554	458317.634328	4403414.670071	23.332119	0.014889	0.052933	3.175450	32345.347000	NULL	NULL
ladybug_panoramic_000050.jpg	39.763784	116.513554	458317.647268	4403414.667358	23.329828	0.015368	0.053776	3.175355	32345.347000	NULL	NULL
ladybug_panoramic_000050.jpg	39.763784	116.513554	458317.634755	4403414.662583	23.333578	0.014630	0.052127	3.175507	32345.347000	NULL	NULL
ladybug_panoramic_000050.jpg	39.763784	116.513554	458317.800032	4403414.666740	23.350244	0.017038	0.052745	3.176337	32345.347000	NULL	NULL
ladybug_panoramic_000050.jpg	39.763784	116.513554	458317.732890	4403414.667418	23.335366	0.016440	0.053433	3.174903	32345.347000	NULL	NULL
ladybug_panoramic_000050.jpg	39.763784	116.513554	458317.637103	4403414.707951	23.344743	0.014786	0.052446	3.173688	32345.347000	NULL	NULL
ladybug_panoramic_000050.jpg	39.763784	116.513554	458317.673930	4403414.695799	23.322594	0.015790	0.053651	3.174330	32345.347000	NULL	NULL
ladybug_panoramic_000050.jpg	39.763784	116.513554	458317.651248	4403414.705714	23.343344	0.015150	0.052493	3.173955	32345.347000	NULL	NULL
ladybug_panoramic_000050.jpg	39.763784	116.513554	458317.657503	4403414.700519	23.328982	0.015465	0.053299	3.174028	32345.347000	NULL	NULL
ladybug_panoramic_000050.jpg	39.763784	116.513554	458318.136119	4403414.592329	23.389674	0.021933	0.054858	3.181978	32345.347000	NULL	NULL
ladybug_panoramic_000050.jpg	39.763784	116.513554	458317.651545	4403414.698886	23.343353	0.014765	0.051788	3.173353	32345.347000	NULL	NULL
ladybug_panoramic_000050.jpg	39.763784	116.513554	458317.700383	4403414.677399	23.324862	0.016527	0.054105	3.173898	32345.347000	NULL	NULL
ladybug_panoramic_000050.jpg	39.763784	116.513554	458317.663930	4403414.695718	23.341830	0.015105	0.052079	3.173530	32345.347000	NULL	NULL
ladybug_panoramic_000050.jpg	39.763784	116.513554	458317.666808	4403414.688992	23.330110	0.015679	0.053218	3.173422	32345.347000	NULL	NULL
ladybug_panoramic_000050.jpg	39.763784	116.513554	458317.655660	4403414.689105	23.343771	0.015117	0.051779	3.173434	32345.347000	NULL	NULL
ladybug_panoramic_000050.jpg	39.763784	116.513554	458317.701390	4403414.665793	23.327779	0.016530	0.054805	3.173942	32345.347000	NULL	NULL
ladybug_panoramic_000050.jpg	39.763784	116.513554	458317.665836	4403414.686038	23.342174	0.015415	0.052171	3.173561	32345.347000	NULL	NULL
ladybug_panoramic_000050.jpg	39.763784	116.513554	458317.667599	4403414.678645	23.332798	0.015896	0.053741	3.173434	32345.347000	NULL	NULL
ladybug_panoramic_000050.jpg	39.763784	116.513554	458317.630265	4403414.713808	23.328415	0.014388	0.052619	3.174388	32345.347000	NULL	NULL
ladybug_panoramic_000050.jpg	39.763784	116.513554	458317.623529	4403414.714228	23.335960	0.014448	0.051627	3.174254	32345.347000	NULL	NULL
ladybug_panoramic_000050.jpg	39.763784	116.513554	458317.640742	4403414.704472	23.331430	0.014605	0.052187	3.174299	32345.347000	NULL	NULL
ladybug_panoramic_000050.jpg	39.763784	116.513554	458317.640581	4403414.714398	23.328294	0.014875	0.052513	3.174516	32345.347000	NULL	NULL
ladybug_panoramic_000050.jpg	39.763784	116.513554	458317.653906	4403414.702497	23.326199	0.015381	0.053442	3.174530	32345.347000	NULL	NULL
ladybug_panoramic_000050.jpg	39.763784	116.513554	458317.643875	4403414.707590	23.329670	0.014863	0.052178	3.174430	32345.347000	NULL	NULL
ladybug_panoramic_000050.jpg	39.763784	116.513554	458318.033528	4403414.538302	23.286072	0.017246	0.054813	3.182111	32345.347000	NULL	NULL
ladybug_panoramic_000050.jpg	39.763784	116.513554	458317.646591	4403414.726681	23.370752	0.016091	0.052006	3.172712	32345.347000	NULL	NULL
ladybug_panoramic_000050.jpg	39.763784	116.513554	458317.689207	4403414.696271	23.315524	0.015788	0.053628	3.173732	32345.347000	NULL	NULL
ladybug_panoramic_000050.jpg	39.763784	116.513554	458317.664216	4403414.718489	23.359380	0.016103	0.052338	3.173118	32345.347000	NULL	NULL
ladybug_panoramic_000050.jpg	39.763784	116.513554	458317.665840	4403414.710350	23.328759	0.015771	0.053230	3.173160	32345.347000	NULL	NULL
ladybug_panoramic_000050.jpg	39.763784	116.513554	458317.658931	4403414.681317	23.377855	0.016559	0.052043	3.173496	32345.347000	NULL	NULL
ladybug_panoramic_000050.jpg	39.763784	116.513554	458317.689660	4403414.655553	23.310040	0.015571	0.054223	3.174251	32345.347000	NULL	NULL
ladybug_panoramic_000050.jpg	39.763784	116.513554	458317.665137	4403414.678237	23.364705	0.016410	0.052463	3.173616	32345.347000	NULL	NULL
ladybug_panoramic_000050.jpg	39.763784	116.513554	458317.664927	4403414.672440	23.335945	0.015908	0.053424	3.173620	32345.347000	NULL	NULL
ladybug_panoramic_000050.jpg	39.763784	116.513554	458317.642576	4403414.750303	23.338626	0.014896	0.052799	3.173319	32345.347000	NULL	NULL
ladybug_panoramic_000050.jpg	39.763784	116.513554	458317.638434	4403414.737083	23.362952	0.015848	0.052229	3.173303	32345.347000	NULL	NULL
ladybug_panoramic_000050.jpg	39.763784	116.513554	458317.649161	4403414.718484	23.338417	0.015021	0.052796	3.173600	32345.347000	NULL	NULL
ladybug_panoramic_000050.jpg	39.763784	116.513554	458317.654878	4403414.759246	23.340988	0.015608	0.052654	3.173451	32345.347000	NULL	NULL
ladybug_panoramic_000050.jpg	39.763784	116.513554	458317.660681	4403414.733879	23.324318	0.015428	0.053308	3.173743	32345.347000	NULL	NULL
ladybug_panoramic_000050.jpg	39.763784	116.513554	458317.653610	4403414.731484	23.336197	0.015434	0.052755	3.173605	32345.347000	NULL	NULL
ladybug_panoramic_000050.jpg	39.763784	116.513554	458317.684961	4403414.754205	23.491458	0.022215	0.053529	3.170861	32345.347000	NULL	NULL
ladybug_panoramic_000050.jpg	39.763784	116.513554	458317.745458	4403414.725130	23.398073	0.020266	0.055013	3.172469	32345.347000	NULL	NULL
ladybug_panoramic_000050.jpg	39.763784	116.513554	458317.702747	4403414.747902	23.442121	0.020996	0.054148	3.171304	32345.347000	NULL	NULL
ladybug_panoramic_000050.jpg	39.763784	116.513554	458317.681701	4403414.728433	23.352019	0.018052	0.054894	3.171555	32345.347000	NULL	NULL
ladybug_panoramic_000050.jpg	39.763784	116.513554	458317.656582	4403414.860622	23.285373	0.012768	0.050928	3.170336	32345.347000	NULL	NULL
ladybug_panoramic_000050.jpg	39.763784	116.513554	458317.671514	4403414.817205	23.373263	0.017104	0.052326	3.170675	32345.347000	NULL	NULL
ladybug_panoramic_000050.jpg	39.763784	116.513554	458317.665717	4403414.817889	23.295686	0.013585	0.051492	3.171022	32345.347000	NULL	NULL
ladybug_panoramic_000050.jpg	39.763784	116.513554	458317.705714	4403414.903738	23.342385	0.016418	0.051823	3.169650	32345.347000	NULL	NULL
ladybug_panoramic_000050.jpg	39.763784	116.513554	458317.683107	4403414.845687	23.289977	0.013945	0.051666	3.170847	32345.347000	NULL	NULL
ladybug_panoramic_000050.jpg	39.763784	116.513554	458317.689539	4403414.930858	23.268951	0.013202	0.050942	3.169432	32345.347000	NULL	NULL
ladybug_panoramic_000050.jpg	39.763784	116.513554	458317.681243	4403414.729316	23.341051	0.015673	0.052839	3.172456	32345.347000	NULL	NULL
ladybug_panoramic_000050.jpg	39.763784	116.513554	458317.667743	4403414.639276	23.494986	0.021910	0.054931	3.173945	32345.347000	NULL	NULL
ladybug_panoramic_000050.jpg	39.763784	116.513554	458317.606480	4403414.399132	23.373275	0.014981	0.052308	3.181435	32345.347000	NULL	NULL
ladybug_panoramic_000050.jpg	39.763784	116.513554	458317.764400	4403414.855331	23.462192	0.022424	0.055267	3.168842	32345.347000	NULL	NULL
ladybug_panoramic_000050.jpg	39.763784	116.513554	458317.669733	4403414.606040	23.381229	0.018450	0.056252	3.175149	32345.347000	NULL	NULL
ladybug_panoramic_000050.jpg	39.763784	116.513554	458317.615398	4403414.485470	23.380761	0.016242	0.053320	3.178395	32345.347000	NULL	NULL
ladybug_panoramic_000050.jpg	39.763784	116.513554	458317.604411	4403414.775484	23.209081	0.009306	0.049081	3.173917	32345.347000	NULL	NULL
ladybug_panoramic_000050.jpg	39.763784	116.513554	458317.648532	4403414.773850	23.289389	0.013146	0.051282	3.172969	32345.347000	NULL	NULL
ladybug_panoramic_000050.jpg	39.763784	116.513554	458317.618108	4403414.615793	23.324062	0.013425	0.051468	3.176802	32345.347000	NULL	NULL
ladybug_panoramic_000050.jpg	39.763784	116.513554	458317.665840	4403414.860557	23.262139	0.012676	0.049974	3.171512	32345.347000	NULL	NULL
ladybug_panoramic_000050.jpg	39.763784	116.513554	458317.666298	4403414.667107	23.485205	0.002585	0.052835	3.173851	32345.347000	NULL	NULL
ladybug_panoramic_000050.jpg	39.763784	116.513554	458317.663838	4403414.640698	23.278144	0.018859	0.057234	3.171850	32345.347000	NULL	NULL
ladybug_panoramic_000050.jpg	39.763784	116.513554	458317.664054	4403414.645816	23.307187	0.016622	0.057010	3.172209	32345.347000	NULL	NULL
ladybug_panoramic_000050.jpg	39.763784	116.513554	458317.666440	4403414.666233	23.382399	0.010786	0.056269	3.173671	32345.347000	NULL	NULL
ladybug_panoramic_000050.jpg	39.763784	116.513554	458317.666592	4403414.662952	23.355248	0.012875	0.056798	3.173425	32345.347000	NULL	NULL
ladybug_panoramic_000050.jpg	39.763784	116.513554	458317.668116	4403414.665925	23.402564	0.009252	0.056130	3.173672	32345.347000	NULL	NULL
ladybug_panoramic_000050.jpg	39.763784	116.513554	458317.673411	4403414.659031	23.371151	0.011679	0.056398	3.173173	32345.347000	NULL	NULL
ladybug_panoramic_000050.jpg	39.763784	116.513554	458317.612192	4403414.618206	23.317303	0.015698	0.053886	3.171927	32345.347000	NULL	NULL
ladybug_panoramic_000050.jpg	39.763784	116.513554	458317.623183	4403414.628801	23.320269	0.015327	0.053879	3.172381	32345.347000	NULL	NULL
ladybug_panoramic_000050.jpg	39.763784	116.513554	458317.662899	4403414.657424	23.354598	0.012250	0.053661	3.173650	32345.347000	NULL	NULL
ladybug_panoramic_000050.jpg	39.763784	116.513554	458317.675427	4403414.665633	23.315651	0.014948	0.054123	3.173962	32345.347000	NULL	NULL
ladybug_panoramic_000050.jpg	39.763784	116.513554	458317.663447	4403414.656689	23.362053	0.011686	0.053602	3.173647	32345.347000	NULL	NULL
ladybug_panoramic_000050.jpg	39.763784	116.513554	458317.664796	4403414.654908	23.341283	0.013264	0.053758	3.173535	32345.347000	NULL	NULL
ladybug_panoramic_000050.jpg	39.763784	116.513554	458317.615590	4403414.624392	23.320133	0.015495	0.053907	3.172238	32345.347000	NULL	NULL
ladybug_panoramic_000050.jpg	39.763784	116.513554	458317.669818	4403414.648907	23.330323	0.013431	0.051599	3.173350	32345.347000	NULL	NULL
ladybug_panoramic_000050.jpg	39.763784	116.513554	458317.696539	4403414.657980	23.305404	0.015499	0.053828	3.173255	32345.347000	NULL	NULL
ladybug_panoramic_000050.jpg	39.763784	116.513554	458317.669374	4403414.647364	23.329272	0.013573	0.051717	3.173296	32345.347000	NULL	NULL
ladybug_panoramic_000050.jpg	39.763784	116.513554	458317.668895	4403414.645383	23.324286	0.014214	0.052376	3.173065	32345.347000	NULL	NULL
ladybug_panoramic_000050.jpg	39.763784	116.513554	458317.668981	4403414.646234	23.322148	0.013891	0.050978	3.173326	32345.347000	NULL	NULL
ladybug_panoramic_000050.jpg	39.763784	116.513554	458317.697073	4403414.655497	23.310490	0.015292	0.054289	3.173070	32345.347000	NULL	NULL
ladybug_panoramic_000050.jpg	39.763784	116.513554	458317.668944	4403414.645065	23.321138	0.014089	0.051303	3.173257	32345.347000	NULL	NULL
ladybug_panoramic_000050.jpg	39.763784	116.513554	458317.668659	4403414.644315	23.320625	0.014499	0.052207	3.173028	32345.347000	NULL	NULL
ladybug_panoramic_000050.jpg	39.763784	116.513554	458317.549844	4403414.694998	23.410552	0.010886	0.058596	3.177127	32345.347000	NULL	NULL
ladybug_panoramic_000050.jpg	39.763784	116.513554	458317.592480	4403414.679381	23.375745	0.011920	0.054817	3.176138	32345.347000	NULL	NULL
ladybug_panoramic_000050.jpg	39.763784	116.513554	458317.661724	4403414.668736	23.387230	0.010766	0.057159	3.173994	32345.347000	NULL	NULL
ladybug_panoramic_000050.jpg	39.763784	116.513554	458317.508207	4403414.715420	23.388706	0.012186	0.055994	3.179447	32345.347000	NULL	NULL
ladybug_panoramic_000050.jpg	39.763784	116.513554	458317.640821	4403414.677354	23.359392	0.013167	0.056267	3.174961	32345.347000	NULL	NULL
ladybug_panoramic_000050.jpg	39.763784	116.513554	458317.657383	4403414.660622	23.347127	0.012694	0.053390	3.174130	32345.347000	NULL	NULL
ladybug_panoramic_000050.jpg	39.763784	116.513554	458317.653247	4403414.661548	23.307027	0.015965	0.054115	3.172550	32345.347000	NULL	NULL
ladybug_panoramic_000050.jpg	39.763784	116.513554	458317.650388	4403414.659476	23.314124	0.015412	0.054124	3.172525	32345.347000	NULL	NULL
ladybug_panoramic_000050.jpg	39.763784	116.513554	458317.658892	4403414.678814	23.354333	0.012195	0.053799	3.173575	32345.347000	NULL	NULL
ladybug_panoramic_000050.jpg	39.763784	116.513554	458317.668764	4403414.686845	23.320092	0.014796	0.054110	3.173973	32345.347000	NULL	NULL
ladybug_panoramic_000050.jpg	39.763784	116.513554	458317.661460	4403414.680671	23.362113	0.011595	0.053731	3.173707	32345.347000	NULL	NULL
ladybug_panoramic_000050.jpg	39.763784	116.513554	458317.663364	4403414.681332	23.338716	0.013433	0.053902	3.173702	32345.347000	NULL	NULL
ladybug_panoramic_000050.jpg	39.763784	116.513554	458317.661687	4403414.658033	23.309434	0.016055	0.054660	3.172178	32345.347000	NULL	NULL
ladybug_panoramic_000050.jpg	39.763784	116.513554	458317.670103	4403414.672420	23.334930	0.013849	0.052022	3.172944	32345.347000	NULL	NULL
ladybug_panoramic_000050.jpg	39.763784	116.513554	458317.691617	4403414.672534	23.312494	0.015747	0.053953	3.173104	32345.347000	NULL	NULL
ladybug_panoramic_000050.jpg	39.763784	116.513554	458317.673345	4403414.672165	23.333094	0.014079	0.052136	3.172967	32345.347000	NULL	NULL
ladybug_panoramic_000050.jpg	39.763784	116.513554	458317.672364	4403414.667973	23.324873	0.014947	0.053032	3.172708	32345.347000	NULL	NULL
ladybug_panoramic_000050.jpg	39.763784	116.513554	458317.673887	4403414.668810	23.330734	0.014285	0.051877	3.172726	32345.347000	NULL	NULL
ladybug_panoramic_000050.jpg	39.763784	116.513554	458317.693025	4403414.666546	23.317549	0.015515	0.054536	3.172883	32345.347000	NULL	NULL
ladybug_panoramic_000050.jpg	39.763784	116.513554	458317.677113	4403414.667943	23.328919	0.014537	0.052067	3.172729	32345.347000	NULL	NULL
ladybug_panoramic_000050.jpg	39.763784	116.513554	458317.674667	4403414.664037	23.325501	0.015088	0.053310	3.172482	32345.347000	NULL	NULL
ladybug_panoramic_000050.jpg	39.763784	116.513554	458317.642360	4403414.685471	23.364892	0.011561	0.056163	3.174073	32345.347000	NULL	NULL
ladybug_panoramic_000050.jpg	39.763784	116.513554	458317.658544	4403414.679618	23.370139	0.011294	0.054766	3.173790	32345.347000	NULL	NULL
ladybug_panoramic_000050.jpg	39.763784	116.513554	458317.665595	4403414.675691	23.368636	0.011306	0.055745	3.173646	32345.347000	NULL	NULL
ladybug_panoramic_000050.jpg	39.763784	116.513554	458317.636257	4403414.698610	23.348836	0.012664	0.054479	3.174706	32345.347000	NULL	NULL
ladybug_panoramic_000050.jpg	39.763784	116.513554	458317.655642	4403414.687596	23.346249	0.013276	0.055434	3.174203	32345.347000	NULL	NULL
ladybug_panoramic_000050.jpg	39.763784	116.513554	458317.661764	4403414.681059	23.361116	0.011691	0.054613	3.173891	32345.347000	NULL	NULL
ladybug_panoramic_000050.jpg	39.763784	116.513554	458317.626536	4403414.633812	23.312069	0.015212	0.053848	3.172275	32345.347000	NULL	NULL
ladybug_panoramic_000050.jpg	39.763784	116.513554	458317.665944	4403414.663797	23.332888	0.013714	0.052604	3.173196	32345.347000	NULL	NULL
ladybug_panoramic_000050.jpg	39.763784	116.513554	458317.687032	4403414.674605	23.303400	0.015181	0.053752	3.173385	32345.347000	NULL	NULL
ladybug_panoramic_000050.jpg	39.763784	116.513554	458317.667834	4403414.663035	23.331800	0.013962	0.052615	3.173205	32345.347000	NULL	NULL
ladybug_panoramic_000050.jpg	39.763784	116.513554	458317.667316	4403414.661665	23.322992	0.014666	0.053144	3.173061	32345.347000	NULL	NULL
ladybug_panoramic_000050.jpg	39.763784	116.513554	458317.664508	4403414.659209	23.330222	0.014107	0.052722	3.173134	32345.347000	NULL	NULL
ladybug_panoramic_000050.jpg	39.763784	116.513554	458317.683897	4403414.666188	23.306057	0.014952	0.053975	3.173303	32345.347000	NULL	NULL
ladybug_panoramic_000050.jpg	39.763784	116.513554	458317.665995	4403414.657505	23.329156	0.014396	0.052711	3.173139	32345.347000	NULL	NULL
ladybug_panoramic_000050.jpg	39.763784	116.513554	458317.665979	4403414.656960	23.323077	0.014833	0.053295	3.173008	32345.347000	NULL	NULL
ladybug_panoramic_000050.jpg	39.763784	116.513554	458317.659782	4403414.684620	23.335438	0.012460	0.054155	3.173662	32345.347000	NULL	NULL
ladybug_panoramic_000050.jpg	39.763784	116.513554	458317.663781	4403414.674664	23.351704	0.011689	0.053635	3.173624	32345.347000	NULL	NULL
ladybug_panoramic_000050.jpg	39.763784	116.513554	458317.666194	4403414.674052	23.343949	0.011914	0.053828	3.173606	32345.347000	NULL	NULL
ladybug_panoramic_000050.jpg	39.763784	116.513554	458317.662649	4403414.689608	23.334027	0.013013	0.053779	3.173778	32345.347000	NULL	NULL
ladybug_panoramic_000050.jpg	39.763784	116.513554	458317.665610	4403414.689408	23.326041	0.013753	0.054016	3.173836	32345.347000	NULL	NULL
ladybug_panoramic_000050.jpg	39.763784	116.513554	458317.666837	4403414.675947	23.346333	0.011730	0.053685	3.173671	32345.347000	NULL	NULL
ladybug_panoramic_000050.jpg	39.763784	116.513554	458317.678870	4403414.665015	23.311026	0.013116	0.051105	3.172955	32345.347000	NULL	NULL
ladybug_panoramic_000050.jpg	39.763784	116.513554	458317.706953	4403414.679982	23.297678	0.014894	0.053412	3.172710	32345.347000	NULL	NULL
ladybug_panoramic_000050.jpg	39.763784	116.513554	458317.681149	4403414.665819	23.310466	0.013271	0.051243	3.172943	32345.347000	NULL	NULL
ladybug_panoramic_000050.jpg	39.763784	116.513554	458317.675580	4403414.662818	23.311411	0.013733	0.051799	3.172804	32345.347000	NULL	NULL
ladybug_panoramic_000050.jpg	39.763784	116.513554	458317.685431	4403414.682204	23.306068	0.013464	0.052299	3.172974	32345.347000	NULL	NULL
ladybug_panoramic_000050.jpg	39.763784	116.513554	458317.677628	4403414.668431	23.315102	0.012745	0.051253	3.173116	32345.347000	NULL	NULL
ladybug_panoramic_000050.jpg	39.763784	116.513554	458317.675177	4403414.667122	23.313161	0.012758	0.051316	3.173097	32345.347000	NULL	NULL
ladybug_panoramic_000050.jpg	39.763784	116.513554	458317.689546	4403414.686053	23.305390	0.013842	0.052260	3.172962	32345.347000	NULL	NULL
ladybug_panoramic_000050.jpg	39.763784	116.513554	458317.684126	4403414.683095	23.308865	0.014377	0.052898	3.172958	32345.347000	NULL	NULL
ladybug_panoramic_000050.jpg	39.763784	116.513554	458317.675973	4403414.667595	23.313007	0.012829	0.051343	3.173110	32345.347000	NULL	NULL
ladybug_panoramic_000050.jpg	39.763784	116.513554	458317.699172	4403414.680178	23.301183	0.013665	0.052100	3.172504	32345.347000	NULL	NULL
ladybug_panoramic_000050.jpg	39.763784	116.513554	458317.687294	4403414.665923	23.301907	0.013129	0.050406	3.172766	32345.347000	NULL	NULL
ladybug_panoramic_000050.jpg	39.763784	116.513554	458317.679830	4403414.663138	23.301206	0.013084	0.050324	3.172834	32345.347000	NULL	NULL
ladybug_panoramic_000050.jpg	39.763784	116.513554	458317.703238	4403414.683225	23.299777	0.014006	0.052011	3.172466	32345.347000	NULL	NULL
ladybug_panoramic_000050.jpg	39.763784	116.513554	458317.689780	4403414.677534	23.310628	0.014513	0.053133	3.172615	32345.347000	NULL	NULL
ladybug_panoramic_000050.jpg	39.763784	116.513554	458317.680539	4403414.663093	23.302262	0.013256	0.050580	3.172822	32345.347000	NULL	NULL
ladybug_panoramic_000050.jpg	39.763784	116.513554	458317.475656	4403414.701143	23.394536	0.011724	0.056506	3.180323	32345.347000	NULL	NULL
ladybug_panoramic_000050.jpg	39.763784	116.513554	458317.669128	4403414.682744	23.380231	0.011365	0.057268	3.173130	32345.347000	NULL	NULL
ladybug_panoramic_000050.jpg	39.763784	116.513554	458317.671432	4403414.667108	23.305153	0.013063	0.050703	3.173313	32345.347000	NULL	NULL
ladybug_panoramic_000050.jpg	39.763784	116.513554	458317.639475	4403414.695211	23.319537	0.013714	0.052735	3.175038	32345.347000	NULL	NULL
ladybug_panoramic_000050.jpg	39.763784	116.513554	458317.688843	4403414.652077	23.318884	0.016042	0.053761	3.173412	32345.347000	NULL	NULL
ladybug_panoramic_000050.jpg	39.763784	116.513554	458317.684065	4403414.650599	23.322987	0.015697	0.053816	3.173328	32345.347000	NULL	NULL
ladybug_panoramic_000050.jpg	39.763784	116.513554	458317.677147	4403414.659073	23.360877	0.012739	0.053549	3.173665	32345.347000	NULL	NULL
ladybug_panoramic_000050.jpg	39.763784	116.513554	458317.693495	4403414.663990	23.315873	0.016188	0.053901	3.174179	32345.347000	NULL	NULL
ladybug_panoramic_000050.jpg	39.763784	116.513554	458317.675685	4403414.659871	23.366022	0.012334	0.053511	3.173666	32345.347000	NULL	NULL
ladybug_panoramic_000050.jpg	39.763784	116.513554	458317.671909	4403414.659634	23.342980	0.014016	0.053731	3.173583	32345.347000	NULL	NULL
ladybug_panoramic_000050.jpg	39.763784	116.513554	458317.699854	4403414.647713	23.316045	0.016323	0.054525	3.173091	32345.347000	NULL	NULL
ladybug_panoramic_000050.jpg	39.763784	116.513554	458317.687470	4403414.653838	23.346356	0.014334	0.051903	3.173236	32345.347000	NULL	NULL
ladybug_panoramic_000050.jpg	39.763784	116.513554	458317.713369	4403414.650009	23.315246	0.016486	0.054275	3.173436	32345.347000	NULL	NULL
ladybug_panoramic_000050.jpg	39.763784	116.513554	458317.685993	4403414.653347	23.343188	0.014569	0.052114	3.173167	32345.347000	NULL	NULL
ladybug_panoramic_000050.jpg	39.763784	116.513554	458317.678569	4403414.650557	23.332356	0.015304	0.053041	3.172893	32345.347000	NULL	NULL
ladybug_panoramic_000050.jpg	39.763784	116.513554	458317.690670	4403414.652035	23.341693	0.014792	0.051564	3.173098	32345.347000	NULL	NULL
ladybug_panoramic_000050.jpg	39.763784	116.513554	458317.711797	4403414.647566	23.320700	0.016022	0.054833	3.173290	32345.347000	NULL	NULL
ladybug_panoramic_000050.jpg	39.763784	116.513554	458317.688909	4403414.651427	23.338623	0.015002	0.051934	3.173031	32345.347000	NULL	NULL
ladybug_panoramic_000050.jpg	39.763784	116.513554	458317.679560	4403414.649460	23.332111	0.015381	0.053218	3.172810	32345.347000	NULL	NULL
ladybug_panoramic_000050.jpg	39.763784	116.513554	458317.660601	4403414.663014	23.378156	0.010975	0.057378	3.173652	32345.347000	NULL	NULL
ladybug_panoramic_000050.jpg	39.763784	116.513554	458317.696793	4403414.647281	23.382652	0.011199	0.055200	3.173029	32345.347000	NULL	NULL
ladybug_panoramic_000050.jpg	39.763784	116.513554	458317.682643	4403414.653250	23.391275	0.009908	0.057685	3.173445	32345.347000	NULL	NULL
ladybug_panoramic_000050.jpg	39.763784	116.513554	458317.657980	4403414.672551	23.359451	0.012748	0.055069	3.174134	32345.347000	NULL	NULL
ladybug_panoramic_000050.jpg	39.763784	116.513554	458317.680579	4403414.649163	23.370173	0.011974	0.057379	3.172935	32345.347000	NULL	NULL
ladybug_panoramic_000050.jpg	39.763784	116.513554	458317.686450	4403414.647646	23.380876	0.010911	0.055630	3.173016	32345.347000	NULL	NULL
ladybug_panoramic_000050.jpg	39.763784	116.513554	458317.648735	4403414.629180	23.324725	0.015508	0.053495	3.172801	32345.347000	NULL	NULL
ladybug_panoramic_000050.jpg	39.763784	116.513554	458317.678715	4403414.638049	23.347153	0.014320	0.052360	3.173571	32345.347000	NULL	NULL
ladybug_panoramic_000050.jpg	39.763784	116.513554	458317.703110	4403414.641254	23.307743	0.015956	0.053926	3.173835	32345.347000	NULL	NULL
ladybug_panoramic_000050.jpg	39.763784	116.513554	458317.674993	4403414.635937	23.344723	0.014573	0.052456	3.173457	32345.347000	NULL	NULL
ladybug_panoramic_000050.jpg	39.763784	116.513554	458317.670721	4403414.633911	23.333554	0.015156	0.053017	3.173266	32345.347000	NULL	NULL
ladybug_panoramic_000050.jpg	39.763784	116.513554	458317.676650	4403414.637835	23.343565	0.014741	0.052370	3.173574	32345.347000	NULL	NULL
ladybug_panoramic_000050.jpg	39.763784	116.513554	458317.699085	4403414.640312	23.311381	0.015601	0.054064	3.173828	32345.347000	NULL	NULL
ladybug_panoramic_000050.jpg	39.763784	116.513554	458317.673298	4403414.636139	23.341104	0.014999	0.052465	3.173480	32345.347000	NULL	NULL
ladybug_panoramic_000050.jpg	39.763784	116.513554	458317.669567	4403414.635224	23.332477	0.015299	0.053091	3.173332	32345.347000	NULL	NULL
ladybug_panoramic_000050.jpg	39.763784	116.513554	458317.671277	4403414.656180	23.340955	0.013282	0.054069	3.173892	32345.347000	NULL	NULL
ladybug_panoramic_000050.jpg	39.763784	116.513554	458317.675159	4403414.644046	23.359144	0.012696	0.053284	3.173730	32345.347000	NULL	NULL
ladybug_panoramic_000050.jpg	39.763784	116.513554	458317.673274	4403414.643726	23.351129	0.012805	0.053550	3.173714	32345.347000	NULL	NULL
ladybug_panoramic_000050.jpg	39.763784	116.513554	458317.672825	4403414.657265	23.337415	0.014116	0.053615	3.173948	32345.347000	NULL	NULL
ladybug_panoramic_000050.jpg	39.763784	116.513554	458317.671823	4403414.657011	23.330206	0.014653	0.053941	3.174002	32345.347000	NULL	NULL
ladybug_panoramic_000050.jpg	39.763784	116.513554	458317.672591	4403414.640896	23.351168	0.013038	0.053343	3.173625	32345.347000	NULL	NULL
ladybug_panoramic_000050.jpg	39.763784	116.513554	458317.683804	4403414.636721	23.335362	0.014209	0.051346	3.173572	32345.347000	NULL	NULL
ladybug_panoramic_000050.jpg	39.763784	116.513554	458317.711516	4403414.641719	23.309266	0.015790	0.054049	3.173518	32345.347000	NULL	NULL
ladybug_panoramic_000050.jpg	39.763784	116.513554	458317.679028	4403414.635657	23.333791	0.014422	0.051646	3.173457	32345.347000	NULL	NULL
ladybug_panoramic_000050.jpg	39.763784	116.513554	458317.673008	4403414.634451	23.329212	0.014876	0.052405	3.173256	32345.347000	NULL	NULL
ladybug_panoramic_000050.jpg	39.763784	116.513554	458317.690080	4403414.647651	23.324388	0.014487	0.052795	3.173571	32345.347000	NULL	NULL
ladybug_panoramic_000050.jpg	39.763784	116.513554	458317.681142	4403414.637015	23.338367	0.013917	0.051592	3.173538	32345.347000	NULL	NULL
ladybug_panoramic_000050.jpg	39.763784	116.513554	458317.676274	4403414.636422	23.333421	0.013930	0.051769	3.173510	32345.347000	NULL	NULL
ladybug_panoramic_000050.jpg	39.763784	116.513554	458317.690276	4403414.648078	23.323029	0.014896	0.052788	3.173522	32345.347000	NULL	NULL
ladybug_panoramic_000050.jpg	39.763784	116.513554	458317.683419	4403414.647150	23.322727	0.015329	0.053438	3.173495	32345.347000	NULL	NULL
ladybug_panoramic_000050.jpg	39.763784	116.513554	458317.675374	4403414.634447	23.333001	0.014174	0.051893	3.173417	32345.347000	NULL	NULL
ladybug_panoramic_000050.jpg	39.763784	116.513554	458317.691624	4403414.645715	23.323305	0.014651	0.052813	3.173546	32345.347000	NULL	NULL
ladybug_panoramic_000050.jpg	39.763784	116.513554	458317.679833	4403414.635618	23.330867	0.014429	0.050979	3.173569	32345.347000	NULL	NULL
ladybug_panoramic_000050.jpg	39.763784	116.513554	458317.674279	4403414.634982	23.327056	0.014380	0.051137	3.173579	32345.347000	NULL	NULL
ladybug_panoramic_000050.jpg	39.763784	116.513554	458317.691110	4403414.646175	23.321803	0.015014	0.052738	3.173511	32345.347000	NULL	NULL
ladybug_panoramic_000050.jpg	39.763784	116.513554	458317.681769	4403414.645254	23.325700	0.015341	0.053762	3.173541	32345.347000	NULL	NULL
ladybug_panoramic_000050.jpg	39.763784	116.513554	458317.673478	4403414.633857	23.327068	0.014617	0.051422	3.173486	32345.347000	NULL	NULL
ladybug_panoramic_000050.jpg	39.763784	116.513554	458317.501897	4403414.718877	23.399691	0.011993	0.056580	3.179023	32345.347000	NULL	NULL
ladybug_panoramic_000050.jpg	39.763784	116.513554	458317.655319	4403414.662747	23.383398	0.011420	0.057431	3.174138	32345.347000	NULL	NULL
ladybug_panoramic_000050.jpg	39.763784	116.513554	458317.666577	4403414.641404	23.335200	0.013914	0.051852	3.173953	32345.347000	NULL	NULL
ladybug_panoramic_000050.jpg	39.763784	116.513554	458317.626093	4403414.677538	23.337051	0.014734	0.053290	3.175984	32345.347000	NULL	NULL
ladybug_panoramic_000050.jpg	39.763784	116.513554	458317.488317	4403414.684481	23.293500	0.014344	0.054252	3.168755	32345.347000	NULL	NULL
ladybug_panoramic_000050.jpg	39.763784	116.513554	458317.674958	4403414.671116	23.355576	0.014934	0.052150	3.173116	32345.347000	NULL	NULL
ladybug_panoramic_000050.jpg	39.763784	116.513554	458317.702351	4403414.664173	23.321114	0.016502	0.053695	3.173677	32345.347000	NULL	NULL
ladybug_panoramic_000050.jpg	39.763784	116.513554	458317.677554	4403414.670152	23.351131	0.015209	0.052328	3.173152	32345.347000	NULL	NULL
ladybug_panoramic_000050.jpg	39.763784	116.513554	458317.671168	4403414.668203	23.333956	0.015712	0.053049	3.172965	32345.347000	NULL	NULL
ladybug_panoramic_000050.jpg	39.763784	116.513554	458317.678616	4403414.665916	23.353952	0.015401	0.052073	3.173071	32345.347000	NULL	NULL
ladybug_panoramic_000050.jpg	39.763784	116.513554	458317.699676	4403414.659712	23.323263	0.016115	0.053872	3.173621	32345.347000	NULL	NULL
ladybug_panoramic_000050.jpg	39.763784	116.513554	458317.679949	4403414.664936	23.349286	0.015622	0.052296	3.173090	32345.347000	NULL	NULL
ladybug_panoramic_000050.jpg	39.763784	116.513554	458317.671794	4403414.663666	23.334672	0.015724	0.053106	3.172925	32345.347000	NULL	NULL
ladybug_panoramic_000050.jpg	39.763784	116.513554	458317.645191	4403414.700141	23.341678	0.012771	0.054072	3.173720	32345.347000	NULL	NULL
ladybug_panoramic_000050.jpg	39.763784	116.513554	458317.661602	4403414.682884	23.358278	0.013259	0.053099	3.173515	32345.347000	NULL	NULL
ladybug_panoramic_000050.jpg	39.763784	116.513554	458317.663223	4403414.679878	23.348874	0.013116	0.053572	3.173549	32345.347000	NULL	NULL
ladybug_panoramic_000050.jpg	39.763784	116.513554	458317.657217	4403414.701307	23.339368	0.014264	0.053351	3.173897	32345.347000	NULL	NULL
ladybug_panoramic_000050.jpg	39.763784	116.513554	458317.663610	4403414.695448	23.328844	0.015088	0.053633	3.173971	32345.347000	NULL	NULL
ladybug_panoramic_000050.jpg	39.763784	116.513554	458317.664150	4403414.682709	23.346294	0.013881	0.053193	3.173587	32345.347000	NULL	NULL
ladybug_panoramic_000050.jpg	39.763784	116.513554	458317.684680	4403414.670075	23.351067	0.015142	0.051515	3.172727	32345.347000	NULL	NULL
ladybug_panoramic_000050.jpg	39.763784	116.513554	458317.719385	4403414.654965	23.327268	0.016756	0.054235	3.173284	32345.347000	NULL	NULL
ladybug_panoramic_000050.jpg	39.763784	116.513554	458317.687398	4403414.667996	23.347167	0.015389	0.051925	3.172753	32345.347000	NULL	NULL
ladybug_panoramic_000050.jpg	39.763784	116.513554	458317.677643	4403414.665232	23.334409	0.015746	0.052962	3.172499	32345.347000	NULL	NULL
ladybug_panoramic_000050.jpg	39.763784	116.513554	458317.685161	4403414.678794	23.336237	0.015058	0.052782	3.173083	32345.347000	NULL	NULL
ladybug_panoramic_000050.jpg	39.763784	116.513554	458317.681997	4403414.672386	23.350386	0.014847	0.051790	3.172852	32345.347000	NULL	NULL
ladybug_panoramic_000050.jpg	39.763784	116.513554	458317.675184	4403414.672859	23.339622	0.014725	0.052124	3.172795	32345.347000	NULL	NULL
ladybug_panoramic_000050.jpg	39.763784	116.513554	458317.690749	4403414.677890	23.335207	0.015625	0.052822	3.173096	32345.347000	NULL	NULL
ladybug_panoramic_000050.jpg	39.763784	116.513554	458317.685064	4403414.674236	23.328685	0.015886	0.053490	3.173052	32345.347000	NULL	NULL
ladybug_panoramic_000050.jpg	39.763784	116.513554	458317.677723	4403414.671046	23.338680	0.015124	0.052271	3.172788	32345.347000	NULL	NULL
ladybug_panoramic_000050.jpg	39.763784	116.513554	458317.694114	4403414.670457	23.337784	0.015309	0.052954	3.172942	32345.347000	NULL	NULL
ladybug_panoramic_000050.jpg	39.763784	116.513554	458317.689485	4403414.668210	23.348067	0.015389	0.051386	3.172619	32345.347000	NULL	NULL
ladybug_panoramic_000050.jpg	39.763784	116.513554	458317.679235	4403414.669145	23.337910	0.015114	0.051829	3.172576	32345.347000	NULL	NULL
ladybug_panoramic_000050.jpg	39.763784	116.513554	458317.697669	4403414.670507	23.336577	0.015779	0.052925	3.172934	32345.347000	NULL	NULL
ladybug_panoramic_000050.jpg	39.763784	116.513554	458317.688259	4403414.666696	23.332456	0.015801	0.053912	3.172925	32345.347000	NULL	NULL
ladybug_panoramic_000050.jpg	39.763784	116.513554	458317.681498	4403414.666958	23.337283	0.015443	0.052063	3.172578	32345.347000	NULL	NULL
ladybug_panoramic_000050.jpg	39.763784	116.513554	458317.565095	4403414.751522	23.342433	0.011319	0.054241	3.175980	32345.347000	NULL	NULL
ladybug_panoramic_000050.jpg	39.763784	116.513554	458317.655717	4403414.681826	23.363515	0.011572	0.056200	3.173822	32345.347000	NULL	NULL
ladybug_panoramic_000050.jpg	39.763784	116.513554	458317.668880	4403414.675050	23.356645	0.012713	0.053813	3.173419	32345.347000	NULL	NULL
ladybug_panoramic_000050.jpg	39.763784	116.513554	458317.627803	4403414.729547	23.320354	0.015130	0.052253	3.175274	32345.347000	NULL	NULL
ladybug_panoramic_000050.jpg	39.763784	116.513554	458317.687050	4403414.627883	23.382769	0.016524	0.051815	3.173673	32345.347000	NULL	NULL
ladybug_panoramic_000050.jpg	39.763784	116.513554	458317.704202	4403414.612527	23.299934	0.015402	0.054251	3.174112	32345.347000	NULL	NULL
ladybug_panoramic_000050.jpg	39.763784	116.513554	458317.679477	4403414.627568	23.367801	0.016307	0.052263	3.173499	32345.347000	NULL	NULL
ladybug_panoramic_000050.jpg	39.763784	116.513554	458317.671705	4403414.625957	23.342217	0.015900	0.053013	3.173327	32345.347000	NULL	NULL
ladybug_panoramic_000050.jpg	39.763784	116.513554	458317.676601	4403414.684882	23.332247	0.014687	0.052951	3.173240	32345.347000	NULL	NULL
ladybug_panoramic_000050.jpg	39.763784	116.513554	458317.683661	4403414.625089	23.372773	0.015843	0.052145	3.173612	32345.347000	NULL	NULL
ladybug_panoramic_000050.jpg	39.763784	116.513554	458317.676092	4403414.629734	23.349110	0.014887	0.052530	3.173537	32345.347000	NULL	NULL
ladybug_panoramic_000050.jpg	39.763784	116.513554	458317.681311	4403414.694416	23.336421	0.015551	0.052861	3.173227	32345.347000	NULL	NULL
ladybug_panoramic_000050.jpg	39.763784	116.513554	458317.678909	4403414.678093	23.324792	0.015542	0.053371	3.173313	32345.347000	NULL	NULL
ladybug_panoramic_000050.jpg	39.763784	116.513554	458317.676038	4403414.609732	23.352188	0.015487	0.052609	3.173550	32345.347000	NULL	NULL
ladybug_panoramic_000050.jpg	39.763784	116.513554	458317.683957	4403414.655793	23.332073	0.014905	0.053176	3.173547	32345.347000	NULL	NULL
ladybug_panoramic_000050.jpg	39.763784	116.513554	458317.679631	4403414.633094	23.374395	0.016522	0.051934	3.173588	32345.347000	NULL	NULL
ladybug_panoramic_000050.jpg	39.763784	116.513554	458317.673979	4403414.632753	23.349275	0.015380	0.052473	3.173560	32345.347000	NULL	NULL
ladybug_panoramic_000050.jpg	39.763784	116.513554	458317.685939	4403414.660579	23.336317	0.015671	0.053049	3.173502	32345.347000	NULL	NULL
ladybug_panoramic_000050.jpg	39.763784	116.513554	458317.679957	4403414.654274	23.327158	0.015520	0.053604	3.173522	32345.347000	NULL	NULL
ladybug_panoramic_000050.jpg	39.763784	116.513554	458317.672926	4403414.626223	23.349891	0.015865	0.052546	3.173530	32345.347000	NULL	NULL
ladybug_panoramic_000050.jpg	39.763784	116.513554	458317.624858	4403414.780815	23.337874	0.011645	0.053834	3.173209	32345.347000	NULL	NULL
ladybug_panoramic_000050.jpg	39.763784	116.513554	458317.652170	4403414.722508	23.330518	0.011694	0.054230	3.173394	32345.347000	NULL	NULL
ladybug_panoramic_000050.jpg	39.763784	116.513554	458317.672136	4403414.650790	23.347612	0.011067	0.053889	3.173751	32345.347000	NULL	NULL
ladybug_panoramic_000050.jpg	39.763784	116.513554	458317.648955	4403414.764712	23.330583	0.013671	0.053350	3.173566	32345.347000	NULL	NULL
ladybug_panoramic_000050.jpg	39.763784	116.513554	458317.672584	4403414.713987	23.235056	0.010055	0.050970	3.172028	32345.347000	NULL	NULL
ladybug_panoramic_000050.jpg	39.763784	116.513554	458317.685189	4403414.653902	23.363433	0.015861	0.051887	3.173035	32345.347000	NULL	NULL
ladybug_panoramic_000050.jpg	39.763784	116.513554	458317.676184	4403414.649307	23.313475	0.013217	0.051190	3.173276	32345.347000	NULL	NULL
ladybug_panoramic_000050.jpg	39.763784	116.513554	458317.708852	4403414.747478	23.325495	0.015277	0.052320	3.171387	32345.347000	NULL	NULL
ladybug_panoramic_000050.jpg	39.763784	116.513554	458317.693523	4403414.714218	23.314098	0.015003	0.052916	3.171922	32345.347000	NULL	NULL
ladybug_panoramic_000050.jpg	39.763784	116.513554	458317.674375	4403414.634283	23.323012	0.013899	0.051553	3.173473	32345.347000	NULL	NULL
ladybug_panoramic_000050.jpg	39.763784	116.513554	458317.668100	4403414.801730	23.259375	0.010576	0.050735	3.171114	32345.347000	NULL	NULL
ladybug_panoramic_000050.jpg	39.763784	116.513554	458317.676883	4403414.800433	23.279185	0.011839	0.051223	3.170913	32345.347000	NULL	NULL
ladybug_panoramic_000050.jpg	39.763784	116.513554	458317.675009	4403414.664431	23.305312	0.012135	0.051106	3.173243	32345.347000	NULL	NULL
ladybug_panoramic_000050.jpg	39.763784	116.513554	458317.684983	4403414.850776	23.274206	0.011951	0.050867	3.170498	32345.347000	NULL	NULL
ladybug_panoramic_000050.jpg	39.763784	116.513554	458317.727518	4403414.827122	23.234885	0.010601	0.049583	3.168404	32345.347000	NULL	NULL
ladybug_panoramic_000050.jpg	39.763784	116.513554	458317.732172	4403414.890277	23.239091	0.010654	0.049479	3.166431	32345.347000	NULL	NULL
ladybug_panoramic_000050.jpg	39.763784	116.513554	458317.678159	4403414.652890	23.297273	0.012824	0.050279	3.173184	32345.347000	NULL	NULL
ladybug_panoramic_000050.jpg	39.763784	116.513554	458317.731646	4403414.857796	23.255181	0.011691	0.049963	3.167899	32345.347000	NULL	NULL
ladybug_panoramic_000050.jpg	39.763784	116.513554	458317.700599	4403414.811714	23.288287	0.011123	0.051816	3.169736	32345.347000	NULL	NULL
