0123	     93.5470	     48.9801	    129.4740	     -0.0505	      0.0044	     -0.0075	      0.0218	      0.0550	      0.0132
0124	     93.5470	     48.9801	    129.4740	     -0.0544	     -0.0040	     -0.0005	      0.0295	      0.0594	      0.0126
0125	     93.5470	     48.9801	    129.4740	     -0.0409	      0.0313	      0.0067	      0.0072	     -0.0133	      0.0136
0126	     93.5470	     48.9801	    129.4740	      0.0110	      0.0621	      0.0486	      0.0693	     -0.0904	      0.0477
0127	     93.5470	     48.9801	    129.4740	      0.0220	      0.0443	      0.0455	      0.1029	     -0.0537	      0.0137
0128	     93.5470	     48.9801	    129.4740	     -0.0551	     -0.0004	      0.0048	      0.0324	      0.0378	     -0.0322
0129	     93.5470	     48.9801	    129.4740	     -0.0346	      0.0458	      0.0405	      0.0118	     -0.0698	      0.0144
01210	     93.5470	     48.9801	    129.4740	      0.0069	      0.0411	      0.0225	      0.0966	     -0.0050	      0.0483
01211	     93.5470	     48.9801	    129.4740	     -0.0203	      0.0469	      0.0387	      0.0388	     -0.0597	      0.0249
01212	     93.5470	     48.9801	    129.4740	     -0.0158	      0.0328	      0.0175	      0.0639	     -0.0030	      0.0302
0134	     93.5470	     98.3952	     47.5504	     -0.0459	     -0.0346	     -0.0544	      0.2245	      0.1129	     -0.0598
0135	     93.5470	     98.3952	     47.5504	     -0.0177	     -0.0024	     -0.0557	      0.2328	      0.0884	     -0.0209
0136	     93.5470	     98.3952	     47.5504	     -0.0454	     -0.0220	     -0.0518	      0.1793	      0.0678	     -0.0566
0137	     93.5470	     98.3952	     47.5504	     -0.0669	     -0.0416	     -0.0293	      0.1013	      0.0952	     -0.0934
0138	     93.5470	     98.3952	     47.5504	     -0.0746	     -0.0340	     -0.0124	      0.0308	      0.0740	     -0.0750
0139	     93.5470	     98.3952	     47.5504	     -0.0459	      0.0204	      0.0252	     -0.0913	     -0.0101	      0.0281
01310	     93.5470	     98.3952	     47.5504	     -0.0149	      0.0255	     -0.0047	      0.0366	      0.0231	      0.0500
01311	     93.5470	     98.3952	     47.5504	     -0.0373	      0.0242	      0.0232	     -0.0705	     -0.0162	      0.0355
01312	     93.5470	     98.3952	     47.5504	     -0.0216	      0.0197	      0.0022	      0.0316	      0.0149	      0.0281
0145	     93.5470	     81.8303	     41.7387	      0.0235	     -0.0184	     -0.0949	      0.4287	      0.1543	      0.0029
0146	     93.5470	     81.8303	     41.7387	     -0.0390	     -0.0296	     -0.0540	      0.2167	      0.0754	     -0.0534
0147	     93.5470	     81.8303	     41.7387	     -0.0672	     -0.0426	     -0.0238	      0.1059	      0.0923	     -0.0948
0148	     93.5470	     81.8303	     41.7387	     -0.0792	     -0.0349	     -0.0053	      0.0337	      0.0665	     -0.0811
0149	     93.5470	     81.8303	     41.7387	     -0.0465	      0.0110	      0.0337	     -0.0724	     -0.0103	      0.0290
01410	     93.5470	     81.8303	     41.7387	     -0.0076	      0.0095	     -0.0019	      0.0711	      0.0365	      0.0556
01411	     93.5470	     81.8303	     41.7387	     -0.0380	      0.0115	      0.0311	     -0.0502	     -0.0133	      0.0342
01412	     93.5470	     81.8303	     41.7387	     -0.0208	      0.0039	      0.0073	      0.0539	      0.0219	      0.0258
0156	     93.5470	     51.3420	     42.2049	     -0.0285	      0.0146	     -0.0175	      0.1115	      0.0072	     -0.0216
0157	     93.5470	     51.3420	     42.2049	     -0.0452	     -0.0007	     -0.0087	      0.0571	      0.0192	     -0.0766
0158	     93.5470	     51.3420	     42.2049	     -0.0587	     -0.0007	     -0.0027	      0.0154	      0.0107	     -0.0841
0159	     93.5470	     51.3420	     42.2049	     -0.0438	      0.0381	      0.0286	     -0.0633	     -0.0570	      0.0095
01510	     93.5470	     51.3420	     42.2049	      0.0053	      0.0309	      0.0001	      0.1104	     -0.0059	      0.0500
01511	     93.5470	     51.3420	     42.2049	     -0.0304	      0.0386	      0.0264	     -0.0294	     -0.0557	      0.0222
01512	     93.5470	     51.3420	     42.2049	     -0.0149	      0.0272	      0.0044	      0.0736	     -0.0163	      0.0165
0167	     93.5470	     16.7204	     90.0661	     -0.1144	     -0.0445	     -0.0364	      0.0076	      0.0666	     -0.1468
0168	     93.5470	     16.7204	     90.0661	     -0.0991	     -0.0240	     -0.0120	     -0.0183	      0.0296	     -0.1170
0169	     93.5470	     16.7204	     90.0661	     -0.0285	      0.0412	      0.0447	     -0.0055	     -0.0705	     -0.0047
01610	     93.5470	     16.7204	     90.0661	      0.0207	      0.0474	      0.0102	      0.1718	     -0.0402	      0.0503
01611	     93.5470	     16.7204	     90.0661	     -0.0167	      0.0438	      0.0389	      0.0314	     -0.0666	      0.0091
01612	     93.5470	     16.7204	     90.0661	     -0.0113	      0.0305	      0.0088	      0.1111	     -0.0284	      0.0069
0178	     93.5470	     26.9142	    120.4611	     -0.1138	     -0.0354	     -0.0213	     -0.0182	      0.0467	     -0.1305
0179	     93.5470	     26.9142	    120.4611	     -0.0112	      0.0311	      0.0482	      0.0419	     -0.0790	     -0.0360
01710	     93.5470	     26.9142	    120.4611	      0.0352	      0.0226	      0.0210	      0.1716	      0.0084	      0.0077
01711	     93.5470	     26.9142	    120.4611	     -0.0008	      0.0284	      0.0428	      0.0747	     -0.0601	     -0.0276
01712	     93.5470	     26.9142	    120.4611	     -0.0038	      0.0095	      0.0175	      0.1188	      0.0018	     -0.0334
0189	     93.5470	     46.9599	    140.5069	     -0.0102	      0.0229	      0.0467	      0.0601	     -0.0704	     -0.0390
01810	     93.5470	     46.9599	    140.5069	      0.0245	      0.0133	      0.0227	      0.1346	      0.0206	      0.0050
01811	     93.5470	     46.9599	    140.5069	     -0.0017	      0.0195	      0.0423	      0.0854	     -0.0512	     -0.0311
01812	     93.5470	     46.9599	    140.5069	     -0.0068	      0.0041	      0.0208	      0.1004	      0.0089	     -0.0310
01910	     93.5470	    109.7700	    203.3170	     -0.0248	      0.0446	      0.0303	     -0.0044	     -0.0263	      0.0331
01911	     93.5470	    109.7700	    203.3170	     -0.0262	      0.0401	      0.0445	     -0.0000	     -0.0560	      0.0113
01912	     93.5470	    109.7700	    203.3170	     -0.0216	      0.0326	      0.0276	      0.0098	     -0.0342	      0.0138
011011	     93.5470	    119.3423	    195.6716	     -0.0101	      0.0492	      0.0279	      0.0606	     -0.0385	      0.0362
011012	     93.5470	    119.3423	    195.6716	     -0.0068	      0.0380	      0.0123	      0.0945	     -0.0069	      0.0422
011112	     93.5470	    123.1650	    216.7119	     -0.0155	      0.0356	      0.0233	      0.0592	     -0.0398	      0.0158
0234	    129.4740	    147.3753	     47.5504	     -0.0755	     -0.0189	     -0.0019	      0.0480	      0.1729	      0.0218
0235	    129.4740	    147.3753	     47.5504	     -0.0366	      0.0127	     -0.0097	      0.0408	      0.0883	      0.0299
0236	    129.4740	    147.3753	     47.5504	     -0.0374	      0.0132	     -0.0085	      0.0233	      0.0326	      0.0121
0237	    129.4740	    147.3753	     47.5504	     -0.0370	     -0.0105	     -0.0125	      0.0766	      0.1060	     -0.0292
0238	    129.4740	    147.3753	     47.5504	     -0.0691	     -0.0383	     -0.0064	      0.0853	      0.2294	     -0.0265
0239	    129.4740	    147.3753	     47.5504	     -0.0659	      0.0254	      0.0104	     -0.0567	     -0.0435	      0.0661
02310	    129.4740	    147.3753	     47.5504	     -0.0289	      0.0215	      0.0017	      0.0200	      0.0484	      0.0698
02311	    129.4740	    147.3753	     47.5504	     -0.0522	      0.0295	      0.0084	     -0.0361	     -0.0471	      0.0694
02312	    129.4740	    147.3753	     47.5504	     -0.0291	      0.0210	      0.0067	      0.0272	      0.0413	      0.0573
0245	    129.4740	    130.8103	     41.7387	     -0.0248	     -0.0000	     -0.0104	      0.0728	      0.1416	      0.0346
0246	    129.4740	    130.8103	     41.7387	     -0.0427	      0.0023	     -0.0008	      0.0295	      0.0366	      0.0117
0247	    129.4740	    130.8103	     41.7387	     -0.0342	     -0.0204	     -0.0115	      0.0978	      0.1323	     -0.0226
0248	    129.4740	    130.8103	     41.7387	     -0.0574	     -0.0364	     -0.0088	      0.0925	      0.2354	     -0.0209
0249	    129.4740	    130.8103	     41.7387	     -0.0694	      0.0174	      0.0235	     -0.0375	     -0.0281	      0.0718
02410	    129.4740	    130.8103	     41.7387	     -0.0256	      0.0081	      0.0088	      0.0406	      0.0782	      0.0799
02411	    129.4740	    130.8103	     41.7387	     -0.0561	      0.0183	      0.0215	     -0.0171	     -0.0268	      0.0763
02412	    129.4740	    130.8103	     41.7387	     -0.0300	      0.0083	      0.0137	      0.0427	      0.0640	      0.0675
0256	    129.4740	     95.1630	     42.2049	     -0.0326	      0.0348	      0.0088	      0.0154	     -0.0336	      0.0113
0257	    129.4740	     95.1630	     42.2049	     -0.0254	      0.0214	      0.0067	      0.0314	     -0.0158	     -0.0259
0258	    129.4740	     95.1630	     42.2049	     -0.0135	     -0.0052	     -0.0040	      0.0844	      0.1335	     -0.0161
0259	    129.4740	     95.1630	     42.2049	     -0.0664	      0.0555	      0.0119	     -0.0504	     -0.1322	      0.0325
02510	    129.4740	     95.1630	     42.2049	     -0.0130	      0.0344	      0.0065	      0.0453	      0.0033	      0.0606
02511	    129.4740	     95.1630	     42.2049	     -0.0459	      0.0521	      0.0133	     -0.0211	     -0.1078	      0.0462
02512	    129.4740	     95.1630	     42.2049	     -0.0233	      0.0358	      0.0072	      0.0320	     -0.0206	      0.0466
0267	    129.4740	     65.7004	     90.0661	      0.0071	      0.0477	      0.0433	      0.0611	     -0.0858	     -0.0008
0268	    129.4740	     65.7004	     90.0661	     -0.0365	      0.0157	      0.0149	      0.0342	     -0.0141	     -0.0330
0269	    129.4740	     65.7004	     90.0661	     -0.0299	      0.0497	      0.0393	      0.0178	     -0.0866	      0.0062
02610	    129.4740	     65.7004	     90.0661	      0.0041	      0.0478	      0.0177	      0.0801	     -0.0299	      0.0438
02611	    129.4740	     65.7004	     90.0661	     -0.0177	      0.0511	      0.0355	      0.0386	     -0.0767	      0.0187
02612	    129.4740	     65.7004	     90.0661	     -0.0149	      0.0389	      0.0139	      0.0544	     -0.0262	      0.0240
0278	    129.4740	     24.4279	    120.4611	      0.2338	      0.0644	      0.1179	      0.4138	      0.0465	      0.0798
0279	    129.4740	     24.4279	    120.4611	     -0.0085	      0.0459	      0.0439	      0.0392	     -0.0942	     -0.0290
02710	    129.4740	     24.4279	    120.4611	      0.0540	      0.0267	      0.0406	      0.1929	      0.0521	      0.0069
02711	    129.4740	     24.4279	    120.4611	      0.0064	      0.0433	      0.0435	      0.0734	     -0.0649	     -0.0206
02712	    129.4740	     24.4279	    120.4611	      0.0006	      0.0203	      0.0236	      0.1044	      0.0239	     -0.0181
0289	    129.4740	     11.0329	    140.5069	     -0.0068	      0.0350	      0.0451	      0.0589	     -0.0744	     -0.0291
02810	    129.4740	     11.0329	    140.5069	      0.0555	      0.0039	      0.0520	      0.2113	      0.1360	      0.0143
02811	    129.4740	     11.0329	    140.5069	      0.0073	      0.0305	      0.0471	      0.0932	     -0.0362	     -0.0214
02812	    129.4740	     11.0329	    140.5069	      0.0007	     -0.0014	      0.0358	      0.1373	      0.1114	     -0.0079
02910	    129.4740	     73.8430	    203.3170	     -0.0315	      0.0453	      0.0265	      0.0108	     -0.0350	      0.0485
02911	    129.4740	     73.8430	    203.3170	     -0.0414	      0.0488	      0.0310	      0.0018	     -0.0870	      0.0336
02912	    129.4740	     73.8430	    203.3170	     -0.0298	      0.0402	      0.0210	      0.0113	     -0.0521	      0.0350
021011	    129.4740	     70.3622	    195.6716	     -0.0169	      0.0477	      0.0287	      0.0486	     -0.0318	      0.0474
021012	    129.4740	     70.3622	    195.6716	     -0.0105	      0.0257	      0.0265	      0.0814	      0.0539	      0.0559
021112	    129.4740	     87.2380	    216.7119	     -0.0241	      0.0422	      0.0202	      0.0339	     -0.0472	      0.0398
0345	     47.5504	     20.2322	     41.7387	      0.0061	     -0.1247	     -0.0459	      0.2255	      0.1571	     -0.4681
0346	     47.5504	     20.2322	     41.7387	     -0.0343	     -0.0314	     -0.0810	      0.3052	      0.0630	     -0.0611
0347	     47.5504	     20.2322	     41.7387	     -0.0527	     -0.0488	     -0.0298	      0.1457	      0.1500	     -0.1083
0348	     47.5504	     20.2322	     41.7387	     -0.0653	     -0.0426	     -0.0075	      0.0688	      0.1706	     -0.0770
0349	     47.5504	     20.2322	     41.7387	     -0.1292	      0.0279	      0.0781	     -0.2323	      0.2277	      0.2313
03410	     47.5504	     20.2322	     41.7387	     -0.1209	      0.0322	      0.0607	     -0.1720	      0.2128	      0.2444
03411	     47.5504	     20.2322	     41.7387	     -0.1496	      0.0495	      0.1064	     -0.3324	      0.2399	      0.3232
03412	     47.5504	     20.2322	     41.7387	     -0.1268	      0.1066	      0.0341	     -0.0821	      0.1936	      0.5423
0356	     47.5504	     52.2123	     42.2049	     -0.0139	      0.0033	     -0.0743	      0.2938	      0.0400	     -0.0160
0357	     47.5504	     52.2123	     42.2049	     -0.0218	     -0.0211	     -0.0282	      0.1306	      0.1066	     -0.0929
0358	     47.5504	     52.2123	     42.2049	     -0.0288	     -0.0176	     -0.0103	      0.0563	      0.1003	     -0.0850
0359	     47.5504	     52.2123	     42.2049	     -0.0556	      0.0315	      0.0261	     -0.1161	      0.0133	      0.0670
03510	     47.5504	     52.2123	     42.2049	     -0.0434	      0.0485	     -0.0090	      0.0219	      0.0019	      0.1387
03511	     47.5504	     52.2123	     42.2049	     -0.0557	      0.0443	      0.0169	     -0.0845	     -0.0246	      0.1032
03512	     47.5504	     52.2123	     42.2049	     -0.0538	      0.0684	     -0.0086	      0.0137	     -0.0043	      0.2117
0367	     47.5504	     81.6749	     90.0661	     -0.0630	     -0.0350	     -0.0239	      0.0593	      0.0514	     -0.1026
0368	     47.5504	     81.6749	     90.0661	     -0.0639	     -0.0279	     -0.0116	      0.0159	      0.0410	     -0.0886
0369	     47.5504	     81.6749	     90.0661	     -0.0335	      0.0189	      0.0254	     -0.0832	     -0.0144	      0.0022
03610	     47.5504	     81.6749	     90.0661	     -0.0058	      0.0281	     -0.0124	      0.0630	      0.0008	      0.0399
03611	     47.5504	     81.6749	     90.0661	     -0.0261	      0.0221	      0.0207	     -0.0536	     -0.0236	      0.0099
03612	     47.5504	     81.6749	     90.0661	     -0.0167	      0.0183	     -0.0027	      0.0432	     -0.0061	      0.0070
0378	     47.5504	    122.9474	    120.4611	     -0.0576	     -0.0345	     -0.0133	      0.0598	      0.0911	     -0.0942
0379	     47.5504	    122.9474	    120.4611	     -0.0177	      0.0143	      0.0114	     -0.0381	     -0.0701	     -0.0438
03710	     47.5504	    122.9474	    120.4611	      0.0146	      0.0110	     -0.0076	      0.0704	      0.0274	     -0.0251
03711	     47.5504	    122.9474	    120.4611	     -0.0093	      0.0136	      0.0086	     -0.0108	     -0.0590	     -0.0420
03712	     47.5504	    122.9474	    120.4611	     -0.0047	      0.0016	      0.0011	      0.0541	      0.0084	     -0.0568
0389	     47.5504	    138.9530	    140.5069	     -0.0161	      0.0102	      0.0091	     -0.0244	     -0.0688	     -0.0520
03810	     47.5504	    138.9530	    140.5069	      0.0099	      0.0021	      0.0019	      0.0528	      0.0679	     -0.0289
03811	     47.5504	    138.9530	    140.5069	     -0.0079	      0.0090	      0.0075	     -0.0010	     -0.0567	     -0.0514
03812	     47.5504	    138.9530	    140.5069	     -0.0048	     -0.0033	      0.0075	      0.0461	      0.0372	     -0.0600
03910	     47.5504	    189.1451	    203.3170	     -0.1465	      0.0244	      0.0899	     -0.2587	      0.2955	      0.2721
03911	     47.5504	    189.1451	    203.3170	     -0.1278	      0.0328	      0.0825	     -0.2452	      0.2005	      0.2476
03912	     47.5504	    189.1451	    203.3170	     -0.0518	      0.0222	      0.0507	     -0.1271	      0.1369	      0.1190
031011	     47.5504	    217.7375	    195.6716	     -0.1488	      0.0449	      0.0760	     -0.2409	      0.1968	      0.3041
031012	     47.5504	    217.7375	    195.6716	     -0.0597	      0.0433	      0.0171	     -0.0213	      0.0735	      0.1862
031112	     47.5504	    203.1616	    216.7119	     -0.0538	      0.0415	      0.0183	     -0.0580	      0.0078	      0.1371
0456	     41.7387	     35.6473	     42.2049	      0.0258	     -0.0040	     -0.1138	      0.4940	      0.0702	      0.0355
0457	     41.7387	     35.6473	     42.2049	     -0.0070	     -0.0321	     -0.0364	      0.1850	      0.1604	     -0.0794
0458	     41.7387	     35.6473	     42.2049	     -0.0230	     -0.0252	     -0.0103	      0.0753	      0.1363	     -0.0731
0459	     41.7387	     35.6473	     42.2049	     -0.0531	      0.0227	      0.0356	     -0.1145	      0.0326	      0.0647
04510	     41.7387	     35.6473	     42.2049	     -0.0277	      0.0264	      0.0022	      0.0300	      0.0503	      0.1088
04511	     41.7387	     35.6473	     42.2049	     -0.0496	      0.0299	      0.0298	     -0.0858	     -0.0003	      0.0858
04512	     41.7387	     35.6473	     42.2049	     -0.0308	      0.0274	      0.0070	      0.0190	      0.0403	      0.1029
0467	     41.7387	     65.1099	     90.0661	     -0.0708	     -0.0388	     -0.0141	      0.0546	      0.0423	     -0.1121
0468	     41.7387	     65.1099	     90.0661	     -0.0720	     -0.0316	     -0.0031	      0.0180	      0.0327	     -0.0968
0469	     41.7387	     65.1099	     90.0661	     -0.0342	      0.0083	      0.0327	     -0.0640	     -0.0184	      0.0038
04610	     41.7387	     65.1099	     90.0661	      0.0016	      0.0110	     -0.0104	      0.0992	      0.0090	      0.0466
04611	     41.7387	     65.1099	     90.0661	     -0.0267	      0.0083	      0.0274	     -0.0328	     -0.0248	      0.0083
04612	     41.7387	     65.1099	     90.0661	     -0.0160	      0.0017	      0.0022	      0.0656	     -0.0042	      0.0024
0478	     41.7387	    106.3825	    120.4611	     -0.0613	     -0.0381	     -0.0089	      0.0667	      0.0938	     -0.0948
0479	     41.7387	    106.3825	    120.4611	     -0.0204	      0.0010	      0.0228	     -0.0155	     -0.0585	     -0.0334
04710	     41.7387	    106.3825	    120.4611	      0.0200	     -0.0079	     -0.0038	      0.1013	      0.0565	     -0.0097
04711	     41.7387	    106.3825	    120.4611	     -0.0125	     -0.0020	      0.0188	      0.0116	     -0.0450	     -0.0331
04712	     41.7387	    106.3825	    120.4611	     -0.0060	     -0.0133	      0.0070	      0.0738	      0.0235	     -0.0478
0489	     41.7387	    122.3880	    140.5069	     -0.0218	     -0.0020	      0.0207	     -0.0035	     -0.0506	     -0.0329
04810	     41.7387	    122.3880	    140.5069	      0.0117	     -0.0130	      0.0058	      0.0713	      0.0971	     -0.0072
04811	     41.7387	    122.3880	    140.5069	     -0.0138	     -0.0047	      0.0181	      0.0185	     -0.0379	     -0.0330
04812	     41.7387	    122.3880	    140.5069	     -0.0077	     -0.0152	      0.0127	      0.0598	      0.0535	     -0.0414
04910	     41.7387	    172.5801	    203.3170	     -0.1384	      0.0344	      0.0763	     -0.2290	      0.2347	      0.2509
04911	     41.7387	    172.5801	    203.3170	     -0.1237	      0.0373	      0.0745	     -0.2128	      0.1572	      0.2307
04912	     41.7387	    172.5801	    203.3170	     -0.0529	      0.0165	      0.0545	     -0.1237	      0.1462	      0.1303
041011	     41.7387	    201.1726	    195.6716	     -0.1487	      0.0530	      0.0731	     -0.2212	      0.1720	      0.3006
041012	     41.7387	    201.1726	    195.6716	     -0.0591	      0.0317	      0.0283	     -0.0204	      0.1099	      0.1905
041112	     41.7387	    186.5966	    216.7119	     -0.0566	      0.0295	      0.0359	     -0.0660	      0.0576	      0.1512
0567	     42.2049	     47.8612	     90.0661	     -0.0549	      0.0024	      0.0002	      0.0103	     -0.0240	     -0.1009
0568	     42.2049	     47.8612	     90.0661	     -0.0590	      0.0007	      0.0012	      0.0004	     -0.0220	     -0.1055
0569	     42.2049	     47.8612	     90.0661	     -0.0315	      0.0337	      0.0285	     -0.0346	     -0.0712	     -0.0123
05610	     42.2049	     47.8612	     90.0661	      0.0134	      0.0356	     -0.0090	      0.1605	     -0.0459	      0.0509
05611	     42.2049	     47.8612	     90.0661	     -0.0199	      0.0345	      0.0217	      0.0138	     -0.0740	      0.0009
05612	     42.2049	     47.8612	     90.0661	     -0.0118	      0.0270	     -0.0024	      0.1069	     -0.0490	     -0.0007
0578	     42.2049	     78.2562	    120.4611	     -0.0607	      0.0074	      0.0077	     -0.0266	     -0.0784	     -0.1288
0579	     42.2049	     78.2562	    120.4611	     -0.0145	      0.0262	      0.0268	     -0.0095	     -0.1128	     -0.0601
05710	     42.2049	     78.2562	    120.4611	      0.0364	      0.0053	      0.0064	      0.1343	      0.0296	     -0.0185
05711	     42.2049	     78.2562	    120.4611	     -0.0018	      0.0210	      0.0240	      0.0236	     -0.0863	     -0.0525
05712	     42.2049	     78.2562	    120.4611	      0.0012	      0.0062	      0.0096	      0.0766	     -0.0179	     -0.0646
0589	     42.2049	     98.3020	    140.5069	     -0.0083	      0.0236	      0.0239	      0.0149	     -0.1377	     -0.0776
05810	     42.2049	     98.3020	    140.5069	      0.0337	     -0.0006	      0.0130	      0.1047	      0.0564	     -0.0256
05811	     42.2049	     98.3020	    140.5069	      0.0036	      0.0170	      0.0225	      0.0402	     -0.0970	     -0.0679
05812	     42.2049	     98.3020	    140.5069	      0.0026	      0.0032	      0.0128	      0.0646	     -0.0147	     -0.0740
05910	     42.2049	    161.1121	    203.3170	     -0.0923	      0.0721	      0.0069	     -0.0976	     -0.0479	      0.1407
05911	     42.2049	    161.1121	    203.3170	     -0.0670	      0.0645	      0.0017	     -0.0137	     -0.1526	      0.0650
05912	     42.2049	    161.1121	    203.3170	     -0.0261	      0.0418	      0.0022	      0.0362	     -0.1304	      0.0062
051011	     42.2049	    165.5253	    195.6716	     -0.1011	      0.1022	     -0.0166	     -0.0198	     -0.1455	      0.2036
051012	     42.2049	    165.5253	    195.6716	     -0.0580	      0.0937	     -0.0303	      0.1102	     -0.1605	      0.1948
051112	     42.2049	    174.5070	    216.7119	     -0.0328	      0.0606	     -0.0223	      0.1272	     -0.1931	      0.0455
0678	     90.0661	     41.2725	    120.4611	     -0.0842	     -0.0171	     -0.0043	     -0.0084	     -0.0043	     -0.1264
0679	     90.0661	     41.2725	    120.4611	     -0.0108	      0.0315	      0.0445	      0.0286	     -0.0941	     -0.0460
06710	     90.0661	     41.2725	    120.4611	      0.0229	      0.0263	      0.0130	      0.1161	     -0.0186	     -0.0019
06711	     90.0661	     41.2725	    120.4611	     -0.0023	      0.0291	      0.0380	      0.0524	     -0.0773	     -0.0363
06712	     90.0661	     41.2725	    120.4611	     -0.0056	      0.0132	      0.0137	      0.0831	     -0.0268	     -0.0420
0689	     90.0661	     57.2781	    140.5069	     -0.0092	      0.0247	      0.0420	      0.0480	     -0.0941	     -0.0519
06810	     90.0661	     57.2781	    140.5069	      0.0172	      0.0170	      0.0143	      0.0943	     -0.0070	     -0.0076
06811	     90.0661	     57.2781	    140.5069	     -0.0022	      0.0213	      0.0363	      0.0659	     -0.0750	     -0.0426
06812	     90.0661	     57.2781	    140.5069	     -0.0069	      0.0081	      0.0160	      0.0732	     -0.0236	     -0.0449
06910	     90.0661	    113.2509	    203.3170	     -0.0177	      0.0466	      0.0277	      0.0089	     -0.0427	      0.0191
06911	     90.0661	    113.2509	    203.3170	     -0.0189	      0.0406	      0.0408	      0.0154	     -0.0757	     -0.0062
06912	     90.0661	    113.2509	    203.3170	     -0.0163	      0.0332	      0.0237	      0.0227	     -0.0561	     -0.0057
061011	     90.0661	    136.0626	    195.6716	     -0.0055	      0.0533	      0.0204	      0.0831	     -0.0659	      0.0289
061012	     90.0661	    136.0626	    195.6716	     -0.0051	      0.0451	      0.0042	      0.1112	     -0.0413	      0.0377
061112	     90.0661	    126.6458	    216.7119	     -0.0118	      0.0376	      0.0156	      0.0853	     -0.0706	      0.0007
0789	    120.4611	     20.0458	    140.5069	      0.0155	      0.0313	      0.0503	      0.0668	     -0.1029	     -0.0840
07810	    120.4611	     20.0458	    140.5069	      0.0676	      0.0113	      0.0429	      0.2104	      0.0622	     -0.0314
07811	    120.4611	     20.0458	    140.5069	      0.0244	      0.0255	      0.0476	      0.0974	     -0.0651	     -0.0742
07812	    120.4611	     20.0458	    140.5069	      0.0082	      0.0032	      0.0257	      0.1148	      0.0186	     -0.0723
07910	    120.4611	     82.8559	    203.3170	      0.0241	      0.0336	      0.0380	      0.0791	     -0.0413	     -0.0458
07911	    120.4611	     82.8559	    203.3170	      0.0144	      0.0318	      0.0485	      0.0623	     -0.0844	     -0.0675
07912	    120.4611	     82.8559	    203.3170	      0.0027	      0.0253	      0.0258	      0.0396	     -0.0680	     -0.0638
071011	    120.4611	     94.7901	    195.6716	      0.0342	      0.0324	      0.0375	      0.1229	     -0.0282	     -0.0444
071012	    120.4611	     94.7901	    195.6716	      0.0199	      0.0162	      0.0212	      0.1227	      0.0211	     -0.0351
071112	    120.4611	     96.2508	    216.7119	      0.0084	      0.0212	      0.0261	      0.0778	     -0.0487	     -0.0616
08910	    140.5069	     62.8101	    203.3170	      0.0370	      0.0249	      0.0459	      0.0979	     -0.0173	     -0.0625
08911	    140.5069	     62.8101	    203.3170	      0.0282	      0.0290	      0.0495	      0.0849	     -0.0943	     -0.0944
08912	    140.5069	     62.8101	    203.3170	      0.0086	      0.0221	      0.0255	      0.0487	     -0.0763	     -0.0830
081011	    140.5069	     78.7846	    195.6716	      0.0443	      0.0239	      0.0455	      0.1311	     -0.0055	     -0.0621
081012	    140.5069	     78.7846	    195.6716	      0.0216	      0.0020	      0.0341	      0.1206	      0.0794	     -0.0345
081112	    140.5069	     76.2050	    216.7119	      0.0131	      0.0168	      0.0279	      0.0798	     -0.0481	     -0.0771
091011	    203.3170	     28.5924	    195.6716	     -0.1514	      0.0596	      0.0480	     -0.2101	      0.1082	      0.2758
091012	    203.3170	     28.5924	    195.6716	     -0.0330	      0.0021	      0.0843	     -0.0896	      0.2387	      0.0952
091112	    203.3170	     14.0165	    216.7119	     -0.0132	      0.0530	     -0.0092	      0.0803	     -0.1974	     -0.0326
0101112	    195.6716	     21.0403	    216.7119	     -0.0505	      0.0854	     -0.0257	      0.0810	     -0.1735	      0.1264
1234	     48.9801	    147.3753	     98.3952	     -0.0226	     -0.0001	     -0.0105	      0.0046	      0.0460	      0.0506
1235	     48.9801	    147.3753	     98.3952	     -0.0106	      0.0233	     -0.0151	      0.0115	      0.0442	      0.0456
1236	     48.9801	    147.3753	     98.3952	      0.0173	      0.0383	     -0.0275	      0.0039	      0.0348	      0.0607
1237	     48.9801	    147.3753	     98.3952	      0.0146	      0.0231	     -0.0290	      0.0256	      0.0456	      0.0194
1238	     48.9801	    147.3753	     98.3952	     -0.0342	     -0.0101	     -0.0164	      0.0077	      0.0631	     -0.0003
1239	     48.9801	    147.3753	     98.3952	     -0.0347	      0.0151	      0.0062	     -0.0862	     -0.0368	      0.0550
12310	     48.9801	    147.3753	     98.3952	     -0.0049	      0.0253	     -0.0160	     -0.0194	      0.0182	      0.0574
12311	     48.9801	    147.3753	     98.3952	     -0.0264	      0.0203	      0.0048	     -0.0723	     -0.0404	      0.0585
12312	     48.9801	    147.3753	     98.3952	     -0.0148	      0.0247	     -0.0045	     -0.0347	     -0.0033	      0.0561
1245	     48.9801	    130.8103	     81.8303	      0.0380	      0.0096	     -0.0094	      0.0434	      0.0405	      0.1070
1246	     48.9801	    130.8103	     81.8303	      0.0844	      0.0111	     -0.0262	      0.0383	      0.0359	      0.1523
1247	     48.9801	    130.8103	     81.8303	      0.0773	     -0.0015	     -0.0282	      0.0572	      0.0537	      0.1056
1248	     48.9801	    130.8103	     81.8303	      0.0092	     -0.0179	     -0.0122	      0.0313	      0.0586	      0.0521
1249	     48.9801	    130.8103	     81.8303	     -0.0299	     -0.0038	      0.0220	     -0.0510	     -0.0429	      0.0714
12410	     48.9801	    130.8103	     81.8303	      0.0050	     -0.0033	     -0.0079	      0.0169	      0.0335	      0.0822
12411	     48.9801	    130.8103	     81.8303	     -0.0256	     -0.0029	      0.0200	     -0.0389	     -0.0413	      0.0730
12412	     48.9801	    130.8103	     81.8303	     -0.0147	     -0.0030	      0.0075	     -0.0094	     -0.0004	      0.0739
1256	     48.9801	     95.1630	     51.3420	      0.0786	      0.0179	      0.0130	      0.0705	     -0.0260	      0.1453
1257	     48.9801	     95.1630	     51.3420	      0.1488	     -0.0081	      0.0200	      0.1401	     -0.0026	      0.1882
1258	     48.9801	     95.1630	     51.3420	      0.0403	     -0.0008	      0.0012	      0.0656	      0.0359	      0.0637
1259	     48.9801	     95.1630	     51.3420	     -0.0413	      0.0421	      0.0171	     -0.0510	     -0.0602	      0.0225
12510	     48.9801	     95.1630	     51.3420	      0.0012	      0.0265	     -0.0021	      0.0233	      0.0124	      0.0584
12511	     48.9801	     95.1630	     51.3420	     -0.0248	      0.0389	      0.0174	     -0.0277	     -0.0576	      0.0386
12512	     48.9801	     95.1630	     51.3420	     -0.0145	      0.0320	      0.0041	      0.0021	     -0.0097	      0.0437
1267	     48.9801	     65.7004	     16.7204	      0.4589	     -0.2042	     -0.1725	      0.0991	      0.2986	      0.6581
1268	     48.9801	     65.7004	     16.7204	      0.1995	     -0.0921	     -0.0705	      0.0224	      0.1368	      0.3143
1269	     48.9801	     65.7004	     16.7204	     -0.0496	      0.0887	      0.0441	      0.0343	     -0.0869	     -0.0359
12610	     48.9801	     65.7004	     16.7204	     -0.0004	      0.0543	     -0.0021	      0.0176	     -0.0084	      0.0344
12611	     48.9801	     65.7004	     16.7204	     -0.0231	      0.0750	      0.0345	      0.0391	     -0.0699	      0.0009
12612	     48.9801	     65.7004	     16.7204	     -0.0135	      0.0607	      0.0020	      0.0153	     -0.0155	      0.0162
1278	     48.9801	     24.4279	     26.9142	      0.4412	     -0.1755	      0.0568	      0.2895	      0.0124	      0.6337
1279	     48.9801	     24.4279	     26.9142	     -0.0218	      0.0596	      0.0637	      0.0947	     -0.0850	     -0.0437
12710	     48.9801	     24.4279	     26.9142	      0.0224	      0.0207	     -0.0000	      0.0608	      0.0127	      0.0297
12711	     48.9801	     24.4279	     26.9142	     -0.0050	      0.0490	      0.0480	      0.0891	     -0.0607	     -0.0182
12712	     48.9801	     24.4279	     26.9142	     -0.0049	      0.0364	      0.0096	      0.0534	     -0.0072	     -0.0100
1289	     48.9801	     11.0329	     46.9599	     -0.0079	     -0.0045	      0.0757	      0.1252	     -0.0710	      0.0265
12810	     48.9801	     11.0329	     46.9599	      0.0175	     -0.0417	     -0.0099	      0.0326	      0.0614	      0.0861
12811	     48.9801	     11.0329	     46.9599	     -0.0071	     -0.0075	      0.0575	      0.1064	     -0.0436	      0.0292
12812	     48.9801	     11.0329	     46.9599	     -0.0082	     -0.0186	      0.0212	      0.0618	      0.0125	      0.0382
12910	     48.9801	     73.8430	    109.7700	     -0.0306	      0.0785	      0.0109	     -0.0369	     -0.0450	      0.0037
12911	     48.9801	     73.8430	    109.7700	     -0.0309	      0.0587	      0.0460	      0.0448	     -0.0679	      0.0035
12912	     48.9801	     73.8430	    109.7700	     -0.0231	      0.0351	      0.0155	     -0.0260	     -0.0402	      0.0341
121011	     48.9801	     70.3622	    119.3423	     -0.0150	      0.0941	      0.0185	      0.0228	     -0.0520	      0.0009
121012	     48.9801	     70.3622	    119.3423	     -0.0104	      0.0578	      0.0013	      0.0092	     -0.0100	      0.0297
121112	     48.9801	     87.2380	    123.1650	     -0.0184	      0.0541	      0.0136	      0.0027	     -0.0420	      0.0236
1345	     98.3952	     20.2322	     81.8303	     -0.0087	     -0.0215	     -0.1287	      0.5484	      0.2125	     -0.0726
1346	     98.3952	     20.2322	     81.8303	     -0.0552	     -0.0398	     -0.0172	      0.0582	      0.0360	     -0.0601
1347	     98.3952	     20.2322	     81.8303	     -0.0825	     -0.0578	     -0.0123	      0.0688	      0.0614	     -0.0982
1348	     98.3952	     20.2322	     81.8303	     -0.0739	     -0.0456	     -0.0026	      0.0150	      0.0427	     -0.0606
1349	     98.3952	     20.2322	     81.8303	     -0.0279	     -0.0059	      0.0267	     -0.1601	     -0.0131	      0.0503
13410	     98.3952	     20.2322	     81.8303	     -0.0069	      0.0021	     -0.0064	     -0.0277	      0.0343	      0.0561
13411	     98.3952	     20.2322	     81.8303	     -0.0266	     -0.0050	      0.0311	     -0.1811	     -0.0199	      0.0553
13412	     98.3952	     20.2322	     81.8303	     -0.0159	     -0.0029	      0.0129	     -0.1028	      0.0041	      0.0518
1356	     98.3952	     52.2123	     51.3420	     -0.0109	      0.0151	     -0.0274	      0.0666	      0.0409	      0.0125
1357	     98.3952	     52.2123	     51.3420	     -0.0186	     -0.0057	     -0.0299	      0.0934	      0.0756	     -0.0474
1358	     98.3952	     52.2123	     51.3420	     -0.0245	     -0.0067	     -0.0147	      0.0245	      0.0550	     -0.0401
1359	     98.3952	     52.2123	     51.3420	     -0.0251	      0.0192	      0.0231	     -0.1633	     -0.0084	      0.0394
13510	     98.3952	     52.2123	     51.3420	     -0.0083	      0.0239	     -0.0054	     -0.0318	      0.0285	      0.0514
13511	     98.3952	     52.2123	     51.3420	     -0.0220	      0.0233	      0.0274	     -0.1831	     -0.0168	      0.0521
13512	     98.3952	     52.2123	     51.3420	     -0.0138	      0.0238	      0.0087	     -0.0943	      0.0086	      0.0521
1367	     98.3952	     81.6749	     16.7204	     -0.0699	     -0.0518	     -0.0156	      0.0257	      0.0365	     -0.0859
1368	     98.3952	     81.6749	     16.7204	     -0.0559	     -0.0360	     -0.0114	     -0.0061	      0.0309	     -0.0566
1369	     98.3952	     81.6749	     16.7204	     -0.0178	      0.0090	      0.0197	     -0.1774	     -0.0072	      0.0279
13610	     98.3952	     81.6749	     16.7204	     -0.0005	      0.0224	     -0.0131	     -0.0432	      0.0224	      0.0392
13611	     98.3952	     81.6749	     16.7204	     -0.0146	      0.0130	      0.0246	     -0.1980	     -0.0142	      0.0357
13612	     98.3952	     81.6749	     16.7204	     -0.0084	      0.0179	      0.0066	     -0.1218	      0.0039	      0.0370
1378	     98.3952	    122.9474	     26.9142	     -0.0789	     -0.0535	     -0.0083	      0.0085	      0.0363	     -0.0752
1379	     98.3952	    122.9474	     26.9142	     -0.0145	     -0.0037	      0.0074	     -0.1032	     -0.0580	      0.0048
13710	     98.3952	    122.9474	     26.9142	      0.0118	      0.0087	     -0.0205	     -0.0027	      0.0139	      0.0093
13711	     98.3952	    122.9474	     26.9142	     -0.0117	     -0.0041	      0.0070	     -0.0902	     -0.0569	      0.0056
13712	     98.3952	    122.9474	     26.9142	     -0.0075	     -0.0033	     -0.0020	     -0.0330	     -0.0191	     -0.0044
1389	     98.3952	    138.9530	     46.9599	     -0.0186	     -0.0105	      0.0059	     -0.0750	     -0.0453	      0.0041
13810	     98.3952	    138.9530	     46.9599	      0.0054	     -0.0026	     -0.0171	     -0.0144	      0.0285	      0.0097
13811	     98.3952	    138.9530	     46.9599	     -0.0163	     -0.0123	      0.0056	     -0.0580	     -0.0444	      0.0040
13812	     98.3952	    138.9530	     46.9599	     -0.0108	     -0.0108	     -0.0006	     -0.0192	     -0.0047	     -0.0046
13910	     98.3952	    189.1451	    109.7700	     -0.0256	      0.0181	      0.0064	     -0.1538	      0.0120	      0.0492
13911	     98.3952	    189.1451	    109.7700	     -0.0263	      0.0083	      0.0211	     -0.1940	     -0.0204	      0.0517
13912	     98.3952	    189.1451	    109.7700	     -0.0180	      0.0091	      0.0136	     -0.1797	     -0.0097	      0.0514
131011	     98.3952	    217.7375	    119.3423	     -0.0213	      0.0240	      0.0061	     -0.1307	     -0.0026	      0.0529
131012	     98.3952	    217.7375	    119.3423	     -0.0131	      0.0246	     -0.0010	     -0.0807	      0.0146	      0.0533
131112	     98.3952	    203.1616	    123.1650	     -0.0174	      0.0138	      0.0147	     -0.1891	     -0.0181	      0.0577
1456	     81.8303	     35.6473	     51.3420	      0.0360	      0.0056	     -0.0042	      0.0230	      0.0151	      0.0852
1457	     81.8303	     35.6473	     51.3420	      0.0143	     -0.0155	     -0.0236	      0.1056	      0.0707	     -0.0019
1458	     81.8303	     35.6473	     51.3420	      0.0062	     -0.0152	     -0.0080	      0.0409	      0.0476	      0.0019
1459	     81.8303	     35.6473	     51.3420	     -0.0107	      0.0021	      0.0311	     -0.1316	     -0.0160	      0.0442
14510	     81.8303	     35.6473	     51.3420	      0.0140	      0.0017	     -0.0061	      0.0321	      0.0328	      0.0594
14511	     81.8303	     35.6473	     51.3420	     -0.0102	      0.0043	      0.0335	     -0.1415	     -0.0215	      0.0499
14512	     81.8303	     35.6473	     51.3420	     -0.0061	      0.0032	      0.0139	     -0.0602	      0.0080	      0.0476
1467	     81.8303	     65.1099	     16.7204	     -0.0724	     -0.0507	      0.0013	      0.0301	      0.0112	     -0.0890
1468	     81.8303	     65.1099	     16.7204	     -0.0435	     -0.0383	      0.0007	      0.0128	      0.0117	     -0.0403
1469	     81.8303	     65.1099	     16.7204	     -0.0055	     -0.0172	      0.0308	     -0.1302	     -0.0224	      0.0379
14610	     81.8303	     65.1099	     16.7204	      0.0183	     -0.0130	     -0.0130	      0.0284	      0.0239	      0.0545
14611	     81.8303	     65.1099	     16.7204	     -0.0073	     -0.0175	      0.0332	     -0.1359	     -0.0262	      0.0360
14612	     81.8303	     65.1099	     16.7204	     -0.0050	     -0.0186	      0.0145	     -0.0636	     -0.0052	      0.0309
1478	     81.8303	    106.3825	     26.9142	     -0.0845	     -0.0499	      0.0062	      0.0248	      0.0170	     -0.0850
1479	     81.8303	    106.3825	     26.9142	     -0.0034	     -0.0266	      0.0230	     -0.0629	     -0.0647	      0.0233
14710	     81.8303	    106.3825	     26.9142	      0.0269	     -0.0243	     -0.0150	      0.0458	      0.0304	      0.0346
14711	     81.8303	    106.3825	     26.9142	     -0.0055	     -0.0288	      0.0212	     -0.0482	     -0.0588	      0.0179
14712	     81.8303	    106.3825	     26.9142	     -0.0048	     -0.0304	      0.0089	     -0.0010	     -0.0193	      0.0073
1489	     81.8303	    122.3880	     46.9599	     -0.0073	     -0.0281	      0.0200	     -0.0378	     -0.0565	      0.0251
14810	     81.8303	    122.3880	     46.9599	      0.0202	     -0.0266	     -0.0109	      0.0241	      0.0392	      0.0380
14811	     81.8303	    122.3880	     46.9599	     -0.0089	     -0.0301	      0.0183	     -0.0219	     -0.0510	      0.0204
14812	     81.8303	    122.3880	     46.9599	     -0.0072	     -0.0308	      0.0088	      0.0059	     -0.0098	      0.0135
14910	     81.8303	    172.5801	    109.7700	     -0.0157	     -0.0058	      0.0158	     -0.1053	      0.0161	      0.0606
14911	     81.8303	    172.5801	    109.7700	     -0.0172	     -0.0154	      0.0327	     -0.1369	     -0.0267	      0.0559
14912	     81.8303	    172.5801	    109.7700	     -0.0117	     -0.0169	      0.0239	     -0.1290	     -0.0118	      0.0569
141011	     81.8303	    201.1726	    119.3423	     -0.0130	     -0.0040	      0.0144	     -0.0741	      0.0017	      0.0614
141012	     81.8303	    201.1726	    119.3423	     -0.0077	     -0.0058	      0.0062	     -0.0326	      0.0222	      0.0628
141112	     81.8303	    186.5966	    123.1650	     -0.0122	     -0.0168	      0.0241	     -0.1194	     -0.0191	      0.0551
1567	     51.3420	     47.8612	     16.7204	     -0.4484	      0.0401	     -0.1147	     -0.0955	      0.1712	     -0.6114
1568	     51.3420	     47.8612	     16.7204	     -0.3311	      0.0361	     -0.0641	     -0.1439	      0.1039	     -0.4374
1569	     51.3420	     47.8612	     16.7204	     -0.0247	      0.0270	      0.0276	     -0.1159	     -0.0315	      0.0124
15610	     51.3420	     47.8612	     16.7204	      0.0119	      0.0204	     -0.0044	      0.0514	      0.0014	      0.0476
15611	     51.3420	     47.8612	     16.7204	     -0.0156	      0.0266	      0.0297	     -0.1094	     -0.0360	      0.0250
15612	     51.3420	     47.8612	     16.7204	     -0.0097	      0.0235	      0.0079	     -0.0195	     -0.0113	      0.0237
1578	     51.3420	     78.2562	     26.9142	     -0.3726	      0.0403	     -0.0693	     -0.1550	      0.0795	     -0.4908
1579	     51.3420	     78.2562	     26.9142	     -0.0048	      0.0101	      0.0282	     -0.0298	     -0.0744	     -0.0094
15710	     51.3420	     78.2562	     26.9142	      0.0345	     -0.0039	     -0.0027	      0.0911	      0.0210	      0.0246
15711	     51.3420	     78.2562	     26.9142	      0.0011	      0.0082	      0.0250	     -0.0088	     -0.0646	     -0.0052
15712	     51.3420	     78.2562	     26.9142	     -0.0010	      0.0042	      0.0080	      0.0364	     -0.0167	     -0.0156
1589	     51.3420	     98.3020	     46.9599	     -0.0009	      0.0029	      0.0269	     -0.0036	     -0.0690	     -0.0098
15810	     51.3420	     98.3020	     46.9599	      0.0291	     -0.0082	     -0.0001	      0.0621	      0.0308	      0.0243
15811	     51.3420	     98.3020	     46.9599	      0.0034	      0.0011	      0.0239	      0.0150	     -0.0587	     -0.0072
15812	     51.3420	     98.3020	     46.9599	     -0.0010	     -0.0016	      0.0095	      0.0331	     -0.0091	     -0.0145
15910	     51.3420	    161.1121	    109.7700	     -0.0385	      0.0421	      0.0118	     -0.1419	      0.0065	      0.0402
15911	     51.3420	    161.1121	    109.7700	     -0.0278	      0.0301	      0.0274	     -0.1278	     -0.0347	      0.0318
15912	     51.3420	    161.1121	    109.7700	     -0.0182	      0.0228	      0.0191	     -0.1175	     -0.0134	      0.0356
151011	     51.3420	    165.5253	    119.3423	     -0.0262	      0.0426	      0.0128	     -0.0874	     -0.0146	      0.0474
151012	     51.3420	    165.5253	    119.3423	     -0.0122	      0.0320	      0.0038	     -0.0232	      0.0061	      0.0490
151112	     51.3420	    174.5070	    123.1650	     -0.0167	      0.0273	      0.0181	     -0.0954	     -0.0242	      0.0406
1678	     16.7204	     41.2725	     26.9142	     -0.7442	      0.1555	      0.0316	     -0.1214	     -0.0705	     -1.0255
1679	     16.7204	     41.2725	     26.9142	      0.0178	     -0.0547	      0.0658	      0.0657	     -0.0884	      0.0340
16710	     16.7204	     41.2725	     26.9142	      0.0394	     -0.0822	     -0.0244	      0.0468	      0.0540	      0.0666
16711	     16.7204	     41.2725	     26.9142	      0.0070	     -0.0564	      0.0509	      0.0600	     -0.0653	      0.0195
16712	     16.7204	     41.2725	     26.9142	     -0.0001	     -0.0603	      0.0231	      0.0518	     -0.0219	      0.0099
1689	     16.7204	     57.2781	     46.9599	      0.0098	     -0.0377	      0.0687	      0.1084	     -0.1018	      0.0239
16810	     16.7204	     57.2781	     46.9599	      0.0261	     -0.0601	     -0.0229	     -0.0014	      0.0537	      0.0599
16811	     16.7204	     57.2781	     46.9599	      0.0030	     -0.0399	      0.0498	      0.0850	     -0.0700	      0.0170
16812	     16.7204	     57.2781	     46.9599	     -0.0024	     -0.0439	      0.0202	      0.0472	     -0.0200	      0.0134
16910	     16.7204	    113.2509	    109.7700	     -0.0571	      0.1121	     -0.0025	     -0.2348	      0.0092	     -0.0112
16911	     16.7204	    113.2509	    109.7700	     -0.0195	      0.0299	      0.0377	     -0.0463	     -0.0520	      0.0114
16912	     16.7204	    113.2509	    109.7700	     -0.0085	     -0.0039	      0.0175	     -0.1698	     -0.0023	      0.0371
161011	     16.7204	    136.0626	    119.3423	     -0.0444	      0.1756	      0.0162	     -0.0608	     -0.0550	     -0.0050
161012	     16.7204	    136.0626	    119.3423	     -0.0153	      0.0839	     -0.0014	     -0.0306	     -0.0111	      0.0233
161112	     16.7204	    126.6458	    123.1650	     -0.0120	      0.0253	      0.0170	     -0.1181	     -0.0186	      0.0293
1789	     26.9142	     20.0458	     46.9599	      0.0189	     -0.0587	      0.0903	      0.1584	     -0.0848	      0.0375
17810	     26.9142	     20.0458	     46.9599	      0.0332	     -0.0850	     -0.0177	      0.0381	      0.0631	      0.0794
17811	     26.9142	     20.0458	     46.9599	      0.0059	     -0.0606	      0.0662	      0.1279	     -0.0526	      0.0246
17812	     26.9142	     20.0458	     46.9599	     -0.0022	     -0.0669	      0.0299	      0.0818	     -0.0049	      0.0218
17910	     26.9142	     82.8559	    109.7700	      0.0011	      0.0209	      0.0108	     -0.0255	     -0.0358	     -0.0003
17911	     26.9142	     82.8559	    109.7700	      0.0138	     -0.0742	      0.0724	      0.1018	     -0.0637	      0.0413
17912	     26.9142	     82.8559	    109.7700	      0.0028	     -0.0680	      0.0325	     -0.0160	     -0.0472	      0.0463
171011	     26.9142	     94.7901	    119.3423	      0.0106	      0.0400	      0.0224	      0.0601	     -0.0379	     -0.0112
171012	     26.9142	     94.7901	    119.3423	      0.0082	      0.0021	      0.0068	      0.0510	      0.0013	      0.0086
171112	     26.9142	     96.2508	    123.1650	      0.0022	     -0.1228	      0.0466	      0.0506	     -0.0306	      0.0569
18910	     46.9599	     62.8101	    109.7700	      0.0081	     -0.0254	      0.0137	     -0.0067	     -0.0118	      0.0383
18911	     46.9599	     62.8101	    109.7700	      0.0052	     -0.0498	      0.0719	      0.1279	     -0.0696	      0.0341
18912	     46.9599	     62.8101	    109.7700	     -0.0018	     -0.0572	      0.0328	      0.0142	     -0.0431	      0.0489
181011	     46.9599	     78.7846	    119.3423	      0.0123	     -0.0155	      0.0234	      0.0582	     -0.0151	      0.0260
181012	     46.9599	     78.7846	    119.3423	      0.0064	     -0.0314	      0.0113	      0.0462	      0.0216	      0.0371
181112	     46.9599	     76.2050	    123.1650	     -0.0038	     -0.0655	      0.0369	      0.0573	     -0.0339	      0.0425
191011	    109.7700	     28.5924	    119.3423	     -0.0546	      0.1098	     -0.0030	     -0.2311	     -0.0192	      0.0116
191012	    109.7700	     28.5924	    119.3423	     -0.0265	      0.0513	     -0.0004	     -0.1770	      0.0022	      0.0328
191112	    109.7700	     14.0165	    123.1650	     -0.0118	     -0.0437	      0.0207	     -0.2298	     -0.0052	      0.0816
1101112	    119.3423	     21.0403	    123.1650	     -0.0262	      0.1049	     -0.0007	     -0.1011	     -0.0318	      0.0195
2345	    147.3753	     20.2322	    130.8103	     -0.0099	      0.0030	     -0.0201	      0.0715	      0.1893	      0.0263
2346	    147.3753	     20.2322	    130.8103	      0.0012	      0.0084	     -0.0163	      0.0077	      0.0354	      0.0557
2347	    147.3753	     20.2322	    130.8103	      0.0012	     -0.0050	     -0.0233	      0.0650	      0.1026	      0.0014
2348	    147.3753	     20.2322	    130.8103	     -0.0643	     -0.0336	     -0.0145	      0.1691	      0.4096	     -0.0773
2349	    147.3753	     20.2322	    130.8103	     -0.0673	     -0.0020	      0.0089	     -0.0826	     -0.1024	      0.1175
23410	    147.3753	     20.2322	    130.8103	     -0.0216	      0.0063	     -0.0076	     -0.0099	      0.0274	      0.0913
23411	    147.3753	     20.2322	    130.8103	     -0.0586	      0.0001	      0.0064	     -0.0760	     -0.0989	      0.1187
23412	    147.3753	     20.2322	    130.8103	     -0.0308	      0.0058	     -0.0012	     -0.0411	     -0.0426	      0.1063
2356	    147.3753	     52.2123	     95.1630	     -0.0046	      0.0250	     -0.0152	      0.0088	      0.0326	      0.0412
2357	    147.3753	     52.2123	     95.1630	      0.0033	      0.0097	     -0.0235	      0.0684	      0.0995	     -0.0122
2358	    147.3753	     52.2123	     95.1630	     -0.0076	     -0.0044	     -0.0247	      0.0962	      0.2458	     -0.0384
2359	    147.3753	     52.2123	     95.1630	     -0.0387	      0.0287	      0.0035	     -0.0775	     -0.0787	      0.0632
23510	    147.3753	     52.2123	     95.1630	     -0.0104	      0.0263	     -0.0094	     -0.0061	      0.0238	      0.0640
23511	    147.3753	     52.2123	     95.1630	     -0.0312	      0.0318	      0.0015	     -0.0655	     -0.0816	      0.0718
23512	    147.3753	     52.2123	     95.1630	     -0.0187	      0.0292	     -0.0036	     -0.0267	     -0.0156	      0.0675
2367	    147.3753	     81.6749	     65.7004	      0.0269	      0.0293	     -0.0312	      0.0131	      0.0311	      0.0220
2368	    147.3753	     81.6749	     65.7004	     -0.0065	      0.0049	     -0.0223	     -0.0000	      0.0467	      0.0019
2369	    147.3753	     81.6749	     65.7004	     -0.0224	      0.0210	      0.0050	     -0.0707	     -0.0365	      0.0365
23610	    147.3753	     81.6749	     65.7004	      0.0037	      0.0295	     -0.0183	     -0.0131	      0.0133	      0.0456
23611	    147.3753	     81.6749	     65.7004	     -0.0148	      0.0264	      0.0028	     -0.0546	     -0.0406	      0.0414
23612	    147.3753	     81.6749	     65.7004	     -0.0087	      0.0290	     -0.0064	     -0.0275	     -0.0055	      0.0414
2378	    147.3753	    122.9474	     24.4279	      0.0838	      0.0491	     -0.0400	      0.0613	      0.0973	     -0.0199
2379	    147.3753	    122.9474	     24.4279	     -0.0133	      0.0150	     -0.0105	     -0.1077	     -0.1136	      0.0272
23710	    147.3753	    122.9474	     24.4279	      0.0248	      0.0308	     -0.0260	     -0.0090	     -0.0044	      0.0077
23711	    147.3753	    122.9474	     24.4279	     -0.0043	      0.0217	     -0.0126	     -0.0973	     -0.1099	      0.0263
23712	    147.3753	    122.9474	     24.4279	     -0.0009	      0.0225	     -0.0137	     -0.0553	     -0.0593	      0.0164
2389	    147.3753	    138.9530	     11.0329	     -0.0285	     -0.0014	     -0.0110	     -0.0960	     -0.1268	      0.0444
23810	    147.3753	    138.9530	     11.0329	      0.0172	      0.0154	     -0.0194	     -0.0021	      0.0304	      0.0075
23811	    147.3753	    138.9530	     11.0329	     -0.0207	      0.0020	     -0.0120	     -0.0845	     -0.1170	      0.0412
23812	    147.3753	    138.9530	     11.0329	     -0.0085	      0.0070	     -0.0080	     -0.0267	     -0.0265	      0.0178
23910	    147.3753	    189.1451	     73.8430	     -0.0432	      0.0184	     -0.0140	     -0.0965	     -0.0711	      0.0979
23911	    147.3753	    189.1451	     73.8430	     -0.0618	      0.0059	     -0.0097	     -0.1202	     -0.1410	      0.1211
23912	    147.3753	    189.1451	     73.8430	     -0.0378	      0.0127	     -0.0149	     -0.1145	     -0.1373	      0.1068
231011	    147.3753	    217.7375	     70.3622	     -0.0350	      0.0251	     -0.0170	     -0.0804	     -0.0830	      0.0957
231012	    147.3753	    217.7375	     70.3622	     -0.0209	      0.0266	     -0.0128	     -0.0436	     -0.0336	      0.0840
231112	    147.3753	    203.1616	     87.2380	     -0.0347	      0.0188	     -0.0169	     -0.1093	     -0.1388	      0.1082
2456	    130.8103	     35.6473	     95.1630	      0.0478	      0.0110	     -0.0080	      0.0385	      0.0172	      0.1095
2457	    130.8103	     35.6473	     95.1630	      0.0570	     -0.0064	     -0.0248	      0.1102	      0.1292	      0.0489
2458	    130.8103	     35.6473	     95.1630	      0.0277	     -0.0250	     -0.0460	      0.1639	      0.4358	     -0.0223
2459	    130.8103	     35.6473	     95.1630	     -0.0305	      0.0156	      0.0151	     -0.0506	     -0.0821	      0.0752
24510	    130.8103	     35.6473	     95.1630	      0.0058	      0.0076	     -0.0042	      0.0258	      0.0471	      0.0774
24511	    130.8103	     35.6473	     95.1630	     -0.0245	      0.0170	      0.0127	     -0.0387	     -0.0776	      0.0813
24512	    130.8103	     35.6473	     95.1630	     -0.0140	      0.0134	      0.0044	     -0.0064	     -0.0050	      0.0794
2467	    130.8103	     65.1099	     65.7004	      0.1049	      0.0029	     -0.0314	      0.0442	      0.0331	      0.1265
2468	    130.8103	     65.1099	     65.7004	      0.0537	     -0.0103	     -0.0194	      0.0248	      0.0388	      0.0800
2469	    130.8103	     65.1099	     65.7004	     -0.0178	     -0.0012	      0.0195	     -0.0390	     -0.0505	      0.0573
24610	    130.8103	     65.1099	     65.7004	      0.0139	     -0.0007	     -0.0115	      0.0199	      0.0225	      0.0722
24611	    130.8103	     65.1099	     65.7004	     -0.0145	      0.0002	      0.0168	     -0.0254	     -0.0488	      0.0589
24612	    130.8103	     65.1099	     65.7004	     -0.0088	      0.0001	      0.0048	     -0.0049	     -0.0099	      0.0598
2478	    130.8103	    106.3825	     24.4279	      0.1825	      0.0084	     -0.0483	      0.0778	      0.1031	      0.1277
2479	    130.8103	    106.3825	     24.4279	     -0.0121	     -0.0117	      0.0134	     -0.0537	     -0.0996	      0.0539
24710	    130.8103	    106.3825	     24.4279	      0.0276	     -0.0096	     -0.0140	      0.0361	      0.0327	      0.0477
24711	    130.8103	    106.3825	     24.4279	     -0.0103	     -0.0109	      0.0112	     -0.0421	     -0.0874	      0.0510
24712	    130.8103	    106.3825	     24.4279	     -0.0057	     -0.0113	      0.0036	     -0.0074	     -0.0321	      0.0420
2489	    130.8103	    122.3880	     11.0329	     -0.0245	     -0.0191	      0.0132	     -0.0390	     -0.1103	      0.0681
24810	    130.8103	    122.3880	     11.0329	      0.0184	     -0.0169	     -0.0087	      0.0330	      0.0632	      0.0519
24811	    130.8103	    122.3880	     11.0329	     -0.0223	     -0.0191	      0.0114	     -0.0278	     -0.0914	      0.0642
24812	    130.8103	    122.3880	     11.0329	     -0.0122	     -0.0183	      0.0061	      0.0072	     -0.0111	      0.0510
24910	    130.8103	    172.5801	     73.8430	     -0.0396	      0.0007	      0.0085	     -0.0445	     -0.0322	      0.1143
24911	    130.8103	    172.5801	     73.8430	     -0.0568	     -0.0054	      0.0174	     -0.0547	     -0.1057	      0.1227
24912	    130.8103	    172.5801	     73.8430	     -0.0357	     -0.0070	      0.0090	     -0.0531	     -0.0906	      0.1189
241011	    130.8103	    201.1726	     70.3622	     -0.0352	      0.0031	      0.0062	     -0.0271	     -0.0405	      0.1153
241012	    130.8103	    201.1726	     70.3622	     -0.0222	      0.0004	      0.0039	      0.0003	      0.0079	      0.1099
241112	    130.8103	    186.5966	     87.2380	     -0.0347	     -0.0044	      0.0077	     -0.0419	     -0.0866	      0.1186
2567	     95.1630	     47.8612	     65.7004	      0.1305	     -0.0003	      0.0243	      0.0960	     -0.0512	      0.1661
2568	     95.1630	     47.8612	     65.7004	      0.0634	      0.0004	      0.0095	      0.0618	     -0.0118	      0.0840
2569	     95.1630	     47.8612	     65.7004	     -0.0324	      0.0410	      0.0188	     -0.0330	     -0.0684	      0.0144
25610	     95.1630	     47.8612	     65.7004	      0.0044	      0.0288	     -0.0033	      0.0245	      0.0007	      0.0512
25611	     95.1630	     47.8612	     65.7004	     -0.0183	      0.0387	      0.0174	     -0.0122	     -0.0657	      0.0297
25612	     95.1630	     47.8612	     65.7004	     -0.0120	      0.0335	      0.0031	      0.0059	     -0.0195	      0.0339
2578	     95.1630	     78.2562	     24.4279	      0.4666	     -0.0747	      0.0638	      0.3765	      0.0698	      0.4893
2579	     95.1630	     78.2562	     24.4279	     -0.0180	      0.0319	      0.0175	     -0.0342	     -0.1061	     -0.0048
25710	     95.1630	     78.2562	     24.4279	      0.0309	      0.0104	     -0.0010	      0.0668	      0.0267	      0.0264
25711	     95.1630	     78.2562	     24.4279	     -0.0056	      0.0287	      0.0159	     -0.0147	     -0.0894	      0.0054
25712	     95.1630	     78.2562	     24.4279	     -0.0027	      0.0220	      0.0042	      0.0182	     -0.0241	     -0.0009
2589	     95.1630	     98.3020	     11.0329	     -0.0138	      0.0221	      0.0179	     -0.0140	     -0.1066	     -0.0002
25810	     95.1630	     98.3020	     11.0329	      0.0319	     -0.0012	      0.0019	      0.0669	      0.0668	      0.0289
25811	     95.1630	     98.3020	     11.0329	     -0.0037	      0.0190	      0.0163	      0.0031	     -0.0841	      0.0071
25812	     95.1630	     98.3020	     11.0329	     -0.0019	      0.0116	      0.0069	      0.0306	      0.0058	     -0.0002
25910	     95.1630	    161.1121	     73.8430	     -0.0392	      0.0468	      0.0025	     -0.0558	     -0.0584	      0.0545
25911	     95.1630	    161.1121	     73.8430	     -0.0460	      0.0472	      0.0101	     -0.0523	     -0.1153	      0.0468
25912	     95.1630	    161.1121	     73.8430	     -0.0288	      0.0375	      0.0055	     -0.0434	     -0.0832	      0.0494
251011	     95.1630	    165.5253	     70.3622	     -0.0289	      0.0474	      0.0024	     -0.0279	     -0.0645	      0.0618
251012	     95.1630	    165.5253	     70.3622	     -0.0156	      0.0355	      0.0003	      0.0011	     -0.0113	      0.0626
251112	     95.1630	    174.5070	     87.2380	     -0.0256	      0.0406	      0.0038	     -0.0286	     -0.0837	      0.0569
2678	     65.7004	     41.2725	     24.4279	      0.3640	     -0.1287	     -0.0398	      0.1080	      0.0672	      0.4970
2679	     65.7004	     41.2725	     24.4279	     -0.0229	      0.0597	      0.0449	      0.0417	     -0.0936	     -0.0415
26710	     65.7004	     41.2725	     24.4279	      0.0197	      0.0293	     -0.0104	      0.0244	     -0.0006	      0.0169
26711	     65.7004	     41.2725	     24.4279	     -0.0053	      0.0515	      0.0335	      0.0424	     -0.0746	     -0.0183
26712	     65.7004	     41.2725	     24.4279	     -0.0037	      0.0434	      0.0029	      0.0235	     -0.0235	     -0.0159
2689	     65.7004	     57.2781	     11.0329	     -0.0106	      0.0143	      0.0520	      0.0686	     -0.0914	      0.0034
26810	     65.7004	     57.2781	     11.0329	      0.0202	     -0.0114	     -0.0159	      0.0120	      0.0335	      0.0467
26811	     65.7004	     57.2781	     11.0329	     -0.0044	      0.0112	      0.0388	      0.0601	     -0.0674	      0.0103
26812	     65.7004	     57.2781	     11.0329	     -0.0046	      0.0054	      0.0100	      0.0313	     -0.0123	      0.0105
26910	     65.7004	    113.2509	     73.8430	     -0.0269	      0.0833	      0.0127	     -0.0267	     -0.0481	     -0.0068
26911	     65.7004	    113.2509	     73.8430	     -0.0311	      0.0701	      0.0371	      0.0278	     -0.0808	     -0.0077
26912	     65.7004	    113.2509	     73.8430	     -0.0203	      0.0515	      0.0125	     -0.0196	     -0.0483	      0.0093
261011	     65.7004	    136.0626	     70.3622	     -0.0146	      0.0922	      0.0151	      0.0141	     -0.0564	      0.0008
261012	     65.7004	    136.0626	     70.3622	     -0.0088	      0.0669	     -0.0016	      0.0038	     -0.0190	      0.0175
261112	     65.7004	    126.6458	     87.2380	     -0.0159	      0.0645	      0.0103	      0.0041	     -0.0507	      0.0096
2789	     24.4279	     20.0458	     11.0329	      0.0155	      0.0872	      0.1656	      0.3926	     -0.0063	     -0.1476
27810	     24.4279	     20.0458	     11.0329	      0.0760	      0.0581	      0.0722	      0.2810	      0.0787	     -0.0554
27811	     24.4279	     20.0458	     11.0329	      0.0332	      0.0809	      0.1162	      0.3228	      0.0292	     -0.1222
27812	     24.4279	     20.0458	     11.0329	      0.0122	      0.0614	      0.0261	      0.1541	      0.0719	     -0.1079
27910	     24.4279	     82.8559	     73.8430	     -0.0129	      0.1936	     -0.0405	     -0.1486	     -0.1553	     -0.1777
27911	     24.4279	     82.8559	     73.8430	      0.0020	      0.1502	      0.0474	      0.0998	     -0.0752	     -0.1583
27912	     24.4279	     82.8559	     73.8430	     -0.0038	      0.1509	     -0.0302	     -0.1018	     -0.1230	     -0.1384
271011	     24.4279	     94.7901	     70.3622	      0.0362	      0.2367	      0.0165	      0.0605	     -0.1040	     -0.2170
271012	     24.4279	     94.7901	     70.3622	      0.0136	      0.1787	     -0.0359	     -0.0812	     -0.1131	     -0.1484
271112	     24.4279	     96.2508	     87.2380	      0.0200	      0.2639	     -0.0569	     -0.1238	     -0.1545	     -0.2295
28910	     11.0329	     62.8101	     73.8430	      0.0117	      0.0623	      0.0152	      0.0178	     -0.0459	     -0.0562
28911	     11.0329	     62.8101	     73.8430	     -0.0018	     -0.0277	      0.1691	      0.3752	      0.0740	      0.0291
28912	     11.0329	     62.8101	     73.8430	     -0.0630	     -0.2679	      0.0474	     -0.0218	     -0.0762	      0.4583
281011	     11.0329	     78.7846	     70.3622	      0.0949	      0.1883	      0.1363	      0.4046	      0.0933	     -0.2633
281012	     11.0329	     78.7846	     70.3622	      0.0002	     -0.0610	      0.0553	      0.1769	      0.1497	      0.0981
281112	     11.0329	     76.2050	     87.2380	     -0.0541	     -0.1815	      0.0549	      0.0504	     -0.0183	      0.2841
291011	     73.8430	     28.5924	     70.3622	     -0.0651	      0.1085	     -0.1168	     -0.3470	     -0.2612	      0.0275
291012	     73.8430	     28.5924	     70.3622	     -0.0210	      0.1068	     -0.0365	     -0.1270	     -0.1350	     -0.0268
291112	     73.8430	     14.0165	     87.2380	     -0.0514	     -0.0512	     -0.0018	     -0.1110	     -0.1244	      0.1928
2101112	     70.3622	     21.0403	     87.2380	     -0.0037	      0.1936	     -0.0638	     -0.1539	     -0.2100	     -0.1103
3456	     20.2322	     35.6473	     52.2123	     -0.0032	      0.0001	      0.1593	     -0.7321	     -0.0461	      0.0237
3457	     20.2322	     35.6473	     52.2123	     -0.0057	     -0.0263	     -0.0478	      0.2003	      0.2060	     -0.0909
3458	     20.2322	     35.6473	     52.2123	     -0.0054	     -0.0212	     -0.0187	      0.0722	      0.1931	     -0.0704
3459	     20.2322	     35.6473	     52.2123	     -0.0031	     -0.0008	      0.0565	     -0.2622	      0.1507	      0.0134
34510	     20.2322	     35.6473	     52.2123	     -0.0029	     -0.0040	      0.0293	     -0.1425	      0.1810	     -0.0007
34511	     20.2322	     35.6473	     52.2123	     -0.0014	     -0.0011	      0.0767	     -0.3501	      0.1427	      0.0135
34512	     20.2322	     35.6473	     52.2123	      0.0039	     -0.0080	      0.0453	     -0.2110	      0.1581	     -0.0151
3467	     20.2322	     65.1099	     81.6749	     -0.0573	     -0.0488	     -0.0086	      0.0193	      0.0142	     -0.0865
3468	     20.2322	     65.1099	     81.6749	     -0.0463	     -0.0382	     -0.0056	     -0.0020	      0.0138	     -0.0605
3469	     20.2322	     65.1099	     81.6749	     -0.0066	     -0.0096	      0.0287	     -0.1783	      0.0012	      0.0122
34610	     20.2322	     65.1099	     81.6749	      0.0059	     -0.0014	     -0.0102	     -0.0237	      0.0277	      0.0301
34611	     20.2322	     65.1099	     81.6749	     -0.0061	     -0.0103	      0.0362	     -0.2106	     -0.0021	      0.0120
34612	     20.2322	     65.1099	     81.6749	     -0.0047	     -0.0121	      0.0154	     -0.1202	      0.0068	      0.0056
3478	     20.2322	    106.3825	    122.9474	     -0.0539	     -0.0426	     -0.0058	      0.0076	      0.0154	     -0.0687
3479	     20.2322	    106.3825	    122.9474	      0.0003	     -0.0181	      0.0044	     -0.1106	     -0.1169	     -0.0050
34710	     20.2322	    106.3825	    122.9474	      0.0270	     -0.0090	     -0.0205	      0.0079	      0.0108	     -0.0105
34711	     20.2322	    106.3825	    122.9474	     -0.0001	     -0.0196	      0.0034	     -0.1025	     -0.1101	     -0.0081
34712	     20.2322	    106.3825	    122.9474	     -0.0006	     -0.0216	     -0.0016	     -0.0658	     -0.0724	     -0.0213
3489	     20.2322	    122.3880	    138.9530	     -0.0005	     -0.0208	     -0.0038	     -0.0843	     -0.1525	     -0.0064
34810	     20.2322	    122.3880	    138.9530	      0.0276	     -0.0115	     -0.0154	     -0.0040	      0.0372	     -0.0210
34811	     20.2322	    122.3880	    138.9530	     -0.0006	     -0.0219	     -0.0048	     -0.0729	     -0.1338	     -0.0103
34812	     20.2322	    122.3880	    138.9530	     -0.0008	     -0.0227	     -0.0053	     -0.0494	     -0.0820	     -0.0234
34910	     20.2322	    172.5801	    189.1451	     -0.1197	      0.0280	      0.0847	     -0.2564	      0.2840	      0.2114
34911	     20.2322	    172.5801	    189.1451	     -0.0770	      0.0124	      0.0498	     -0.1972	      0.0675	      0.1548
34912	     20.2322	    172.5801	    189.1451	     -0.0078	      0.0017	      0.0613	     -0.2633	      0.2017	      0.0319
341011	     20.2322	    201.1726	    217.7375	     -0.1613	      0.0484	      0.0628	     -0.1820	      0.1349	      0.3443
341012	     20.2322	    201.1726	    217.7375	     -0.0287	      0.0104	      0.0335	     -0.1258	      0.1506	      0.0873
341112	     20.2322	    186.5966	    203.1616	     -0.0121	     -0.0064	      0.0212	     -0.1529	     -0.0143	      0.0397
3567	     52.2123	     47.8612	     81.6749	     -0.0163	     -0.0055	     -0.0189	      0.0345	      0.0273	     -0.0508
3568	     52.2123	     47.8612	     81.6749	     -0.0191	     -0.0075	     -0.0118	      0.0029	      0.0278	     -0.0523
3569	     52.2123	     47.8612	     81.6749	     -0.0106	      0.0118	      0.0284	     -0.1815	      0.0092	      0.0079
35610	     52.2123	     47.8612	     81.6749	     -0.0007	      0.0198	     -0.0058	     -0.0324	      0.0270	      0.0307
35611	     52.2123	     47.8612	     81.6749	     -0.0080	      0.0137	      0.0362	     -0.2159	      0.0053	      0.0154
35612	     52.2123	     47.8612	     81.6749	     -0.0061	      0.0143	      0.0128	     -0.1105	      0.0151	      0.0152
3578	     52.2123	     78.2562	    122.9474	     -0.0078	     -0.0090	     -0.0165	      0.0397	      0.0585	     -0.0721
3579	     52.2123	     78.2562	    122.9474	      0.0006	      0.0054	      0.0090	     -0.0867	     -0.0926	     -0.0283
35710	     52.2123	     78.2562	    122.9474	      0.0221	      0.0055	     -0.0134	      0.0220	      0.0180	     -0.0191
35711	     52.2123	     78.2562	    122.9474	      0.0038	      0.0052	      0.0072	     -0.0735	     -0.0861	     -0.0269
35712	     52.2123	     78.2562	    122.9474	      0.0029	      0.0010	     -0.0010	     -0.0238	     -0.0348	     -0.0418
3589	     52.2123	     98.3020	    138.9530	      0.0044	      0.0018	      0.0048	     -0.0617	     -0.1009	     -0.0407
35810	     52.2123	     98.3020	    138.9530	      0.0235	     -0.0005	     -0.0084	      0.0088	      0.0514	     -0.0317
35811	     52.2123	     98.3020	    138.9530	      0.0076	      0.0009	      0.0030	     -0.0473	     -0.0901	     -0.0406
35812	     52.2123	     98.3020	    138.9530	      0.0052	     -0.0030	     -0.0004	     -0.0157	     -0.0189	     -0.0547
35910	     52.2123	    161.1121	    189.1451	     -0.0271	      0.0185	      0.0390	     -0.2178	      0.1446	      0.0364
35911	     52.2123	    161.1121	    189.1451	     -0.0110	      0.0126	      0.0442	     -0.2331	      0.0646	      0.0202
35912	     52.2123	    161.1121	    189.1451	     -0.0039	      0.0087	      0.0427	     -0.2324	      0.1207	      0.0120
351011	     52.2123	    165.5253	    217.7375	     -0.0332	      0.0316	      0.0229	     -0.1546	      0.0481	      0.0727
351012	     52.2123	    165.5253	    217.7375	     -0.0139	      0.0206	      0.0203	     -0.1195	      0.1029	      0.0439
351112	     52.2123	    174.5070	    203.1616	     -0.0077	      0.0141	      0.0352	     -0.2103	      0.0558	      0.0260
3678	     81.6749	     41.2725	    122.9474	     -0.0430	     -0.0332	     -0.0138	     -0.0086	      0.0120	     -0.0666
3679	     81.6749	     41.2725	    122.9474	     -0.0036	     -0.0032	      0.0070	     -0.0944	     -0.0593	     -0.0138
36710	     81.6749	     41.2725	    122.9474	      0.0175	      0.0076	     -0.0225	     -0.0104	      0.0065	     -0.0030
36711	     81.6749	     41.2725	    122.9474	     -0.0017	     -0.0040	      0.0059	     -0.0802	     -0.0587	     -0.0133
36712	     81.6749	     41.2725	    122.9474	     -0.0022	     -0.0053	     -0.0029	     -0.0399	     -0.0284	     -0.0215
3689	     81.6749	     57.2781	    138.9530	     -0.0050	     -0.0078	      0.0043	     -0.0719	     -0.0525	     -0.0173
36810	     81.6749	     57.2781	    138.9530	      0.0144	     -0.0008	     -0.0198	     -0.0235	      0.0192	     -0.0077
36811	     81.6749	     57.2781	    138.9530	     -0.0035	     -0.0095	      0.0033	     -0.0554	     -0.0532	     -0.0171
36812	     81.6749	     57.2781	    138.9530	     -0.0035	     -0.0100	     -0.0028	     -0.0303	     -0.0197	     -0.0246
36910	     81.6749	    113.2509	    189.1451	     -0.0097	      0.0176	      0.0095	     -0.1663	      0.0295	      0.0129
36911	     81.6749	    113.2509	    189.1451	     -0.0057	      0.0077	      0.0258	     -0.2104	     -0.0002	      0.0107
36912	     81.6749	    113.2509	    189.1451	     -0.0033	      0.0071	      0.0180	     -0.1976	      0.0108	      0.0097
361011	     81.6749	    136.0626	    217.7375	     -0.0069	      0.0226	      0.0081	     -0.1346	      0.0080	      0.0195
361012	     81.6749	    136.0626	    217.7375	     -0.0039	      0.0224	      0.0001	     -0.0922	      0.0216	      0.0229
361112	     81.6749	    126.6458	    203.1616	     -0.0027	      0.0089	      0.0204	     -0.2081	      0.0027	      0.0134
3789	    122.9474	     20.0458	    138.9530	      0.0094	     -0.0020	     -0.0149	     -0.1287	     -0.1452	     -0.0276
37810	    122.9474	     20.0458	    138.9530	      0.0375	      0.0130	     -0.0282	     -0.0268	     -0.0130	     -0.0416
37811	    122.9474	     20.0458	    138.9530	      0.0116	     -0.0012	     -0.0154	     -0.1198	     -0.1373	     -0.0283
37812	    122.9474	     20.0458	    138.9530	      0.0061	     -0.0042	     -0.0145	     -0.0933	     -0.1054	     -0.0363
37910	    122.9474	     82.8559	    189.1451	      0.0159	      0.0152	     -0.0198	     -0.1087	     -0.0768	     -0.0265
37911	    122.9474	     82.8559	    189.1451	      0.0081	      0.0014	     -0.0108	     -0.1499	     -0.1367	     -0.0184
37912	    122.9474	     82.8559	    189.1451	      0.0057	      0.0001	     -0.0127	     -0.1492	     -0.1331	     -0.0195
371011	    122.9474	     94.7901	    217.7375	      0.0200	      0.0191	     -0.0205	     -0.0871	     -0.0790	     -0.0272
371012	    122.9474	     94.7901	    217.7375	      0.0146	      0.0161	     -0.0170	     -0.0564	     -0.0425	     -0.0274
371112	    122.9474	     96.2508	    203.1616	      0.0065	      0.0006	     -0.0129	     -0.1451	     -0.1315	     -0.0188
38910	    138.9530	     62.8101	    189.1451	      0.0297	      0.0132	     -0.0247	     -0.0972	     -0.0882	     -0.0534
38911	    138.9530	     62.8101	    189.1451	      0.0178	     -0.0011	     -0.0240	     -0.1279	     -0.1852	     -0.0384
38912	    138.9530	     62.8101	    189.1451	      0.0103	     -0.0039	     -0.0247	     -0.1305	     -0.1900	     -0.0346
381011	    138.9530	     78.7846	    217.7375	      0.0337	      0.0162	     -0.0261	     -0.0777	     -0.0933	     -0.0557
381012	    138.9530	     78.7846	    217.7375	      0.0203	      0.0105	     -0.0153	     -0.0487	     -0.0290	     -0.0471
381112	    138.9530	     76.2050	    203.1616	      0.0110	     -0.0039	     -0.0236	     -0.1206	     -0.1753	     -0.0352
391011	    189.1451	     28.5924	    217.7375	     -0.1938	      0.0341	      0.0686	     -0.2085	      0.1643	      0.3945
391012	    189.1451	     28.5924	    217.7375	     -0.0004	      0.0157	      0.0543	     -0.2290	      0.2079	     -0.0176
391112	    189.1451	     14.0165	    203.1616	      0.0019	      0.0001	     -0.0207	     -0.1317	     -0.1682	     -0.0071
3101112	    217.7375	     21.0403	    203.1616	     -0.0300	      0.0282	     -0.0064	     -0.0944	     -0.0518	      0.0917
4567	     35.6473	     47.8612	     65.1099	      0.0193	     -0.0149	     -0.0070	      0.0390	      0.0070	     -0.0014
4568	     35.6473	     47.8612	     65.1099	      0.0146	     -0.0164	     -0.0029	      0.0192	      0.0101	     -0.0063
4569	     35.6473	     47.8612	     65.1099	      0.0076	     -0.0079	      0.0350	     -0.1503	     -0.0051	      0.0131
45610	     35.6473	     47.8612	     65.1099	      0.0240	     -0.0030	     -0.0100	      0.0474	      0.0150	      0.0425
45611	     35.6473	     47.8612	     65.1099	      0.0062	     -0.0071	      0.0401	     -0.1735	     -0.0074	      0.0131
45612	     35.6473	     47.8612	     65.1099	      0.0024	     -0.0074	      0.0171	     -0.0771	      0.0053	      0.0084
4578	     35.6473	     78.2562	    106.3825	      0.0304	     -0.0193	     -0.0099	      0.0551	      0.0508	     -0.0198
4579	     35.6473	     78.2562	    106.3825	      0.0180	     -0.0132	      0.0205	     -0.0589	     -0.0995	     -0.0115
45710	     35.6473	     78.2562	    106.3825	      0.0439	     -0.0170	     -0.0107	      0.0644	      0.0365	     -0.0001
45711	     35.6473	     78.2562	    106.3825	      0.0165	     -0.0137	      0.0173	     -0.0454	     -0.0874	     -0.0155
45712	     35.6473	     78.2562	    106.3825	      0.0091	     -0.0164	      0.0065	     -0.0033	     -0.0343	     -0.0312
4589	     35.6473	     98.3020	    122.3880	      0.0212	     -0.0150	      0.0158	     -0.0327	     -0.1189	     -0.0194
45810	     35.6473	     98.3020	    122.3880	      0.0423	     -0.0194	     -0.0052	      0.0378	      0.0684	     -0.0084
45811	     35.6473	     98.3020	    122.3880	      0.0194	     -0.0156	      0.0127	     -0.0206	     -0.0977	     -0.0233
45812	     35.6473	     98.3020	    122.3880	      0.0101	     -0.0175	      0.0062	      0.0011	     -0.0241	     -0.0359
45910	     35.6473	    161.1121	    172.5801	     -0.0089	     -0.0040	      0.0523	     -0.2513	      0.2142	      0.0123
45911	     35.6473	    161.1121	    172.5801	      0.0273	     -0.0197	      0.0568	     -0.2385	      0.0895	     -0.0234
45912	     35.6473	    161.1121	    172.5801	      0.0131	     -0.0138	      0.0654	     -0.3125	      0.2318	      0.0005
451011	     35.6473	    165.5253	    201.1726	     -0.0115	      0.0056	      0.0336	     -0.1498	      0.0819	      0.0400
451012	     35.6473	    165.5253	    201.1726	      0.0111	     -0.0178	      0.0443	     -0.1941	      0.2143	     -0.0288
451112	     35.6473	    174.5070	    186.5966	      0.0170	     -0.0194	      0.0550	     -0.2550	      0.1141	     -0.0241
4678	     65.1099	     41.2725	    106.3825	     -0.0208	     -0.0378	     -0.0012	      0.0084	     -0.0083	     -0.0364
4679	     65.1099	     41.2725	    106.3825	      0.0092	     -0.0290	      0.0213	     -0.0597	     -0.0733	      0.0077
46710	     65.1099	     41.2725	    106.3825	      0.0336	     -0.0257	     -0.0182	      0.0341	      0.0165	      0.0228
46711	     65.1099	     41.2725	    106.3825	      0.0055	     -0.0311	      0.0188	     -0.0452	     -0.0678	      0.0012
46712	     65.1099	     41.2725	    106.3825	      0.0012	     -0.0331	      0.0077	     -0.0118	     -0.0357	     -0.0098
4689	     65.1099	     57.2781	    122.3880	      0.0072	     -0.0292	      0.0177	     -0.0356	     -0.0727	      0.0078
46810	     65.1099	     57.2781	    122.3880	      0.0296	     -0.0267	     -0.0145	      0.0137	      0.0244	      0.0224
46811	     65.1099	     57.2781	    122.3880	      0.0038	     -0.0309	      0.0152	     -0.0208	     -0.0673	      0.0025
46812	     65.1099	     57.2781	    122.3880	      0.0001	     -0.0318	      0.0066	     -0.0036	     -0.0314	     -0.0060
46910	     65.1099	    113.2509	    172.5801	      0.0018	     -0.0108	      0.0151	     -0.1192	      0.0246	      0.0261
46911	     65.1099	    113.2509	    172.5801	      0.0057	     -0.0230	      0.0332	     -0.1527	     -0.0203	      0.0168
46912	     65.1099	    113.2509	    172.5801	      0.0038	     -0.0233	      0.0252	     -0.1465	     -0.0051	      0.0159
461011	     65.1099	    136.0626	    201.1726	      0.0033	     -0.0097	      0.0115	     -0.0714	     -0.0013	      0.0293
461012	     65.1099	    136.0626	    201.1726	      0.0023	     -0.0100	      0.0043	     -0.0406	      0.0173	      0.0324
461112	     65.1099	    126.6458	    186.5966	      0.0031	     -0.0261	      0.0253	     -0.1331	     -0.0170	      0.0108
4789	    106.3825	     20.0458	    122.3880	      0.0143	     -0.0303	      0.0095	     -0.0660	     -0.1314	      0.0077
47810	    106.3825	     20.0458	    122.3880	      0.0420	     -0.0253	     -0.0166	      0.0246	      0.0235	      0.0047
47811	    106.3825	     20.0458	    122.3880	      0.0095	     -0.0313	      0.0079	     -0.0538	     -0.1142	      0.0011
47812	    106.3825	     20.0458	    122.3880	      0.0035	     -0.0325	      0.0033	     -0.0278	     -0.0707	     -0.0104
47910	    106.3825	     82.8559	    172.5801	      0.0206	     -0.0193	     -0.0015	     -0.0501	     -0.0484	      0.0077
47911	    106.3825	     82.8559	    172.5801	      0.0116	     -0.0300	      0.0125	     -0.0828	     -0.1173	      0.0058
47912	    106.3825	     82.8559	    172.5801	      0.0068	     -0.0306	      0.0075	     -0.0821	     -0.1071	      0.0042
471011	    106.3825	     94.7901	    201.1726	      0.0208	     -0.0189	     -0.0029	     -0.0267	     -0.0487	      0.0049
471012	    106.3825	     94.7901	    201.1726	      0.0139	     -0.0198	     -0.0032	     -0.0019	     -0.0115	      0.0033
471112	    106.3825	     96.2508	    186.5966	      0.0059	     -0.0326	      0.0071	     -0.0681	     -0.1000	     -0.0012
48910	    122.3880	     62.8101	    172.5801	      0.0221	     -0.0213	     -0.0026	     -0.0407	     -0.0473	      0.0062
48911	    122.3880	     62.8101	    172.5801	      0.0103	     -0.0314	      0.0050	     -0.0534	     -0.1524	      0.0075
48912	    122.3880	     62.8101	    172.5801	      0.0048	     -0.0320	      0.0012	     -0.0563	     -0.1434	      0.0081
481011	    122.3880	     78.7846	    201.1726	      0.0216	     -0.0208	     -0.0041	     -0.0199	     -0.0516	      0.0042
481012	    122.3880	     78.7846	    201.1726	      0.0123	     -0.0217	     -0.0002	     -0.0012	      0.0070	      0.0059
481112	    122.3880	     76.2050	    186.5966	      0.0040	     -0.0331	      0.0012	     -0.0427	     -0.1270	      0.0028
491011	    172.5801	     28.5924	    201.1726	     -0.1676	      0.0519	      0.0738	     -0.1930	      0.1685	      0.3201
491012	    172.5801	     28.5924	    201.1726	     -0.0142	     -0.0043	      0.0575	     -0.2258	      0.2173	      0.0402
491112	    172.5801	     14.0165	    186.5966	     -0.0029	     -0.0256	      0.0093	     -0.0829	     -0.1024	      0.0295
4101112	    201.1726	     21.0403	    186.5966	     -0.0434	      0.0105	      0.0112	     -0.0360	     -0.0200	      0.1459
5678	     47.8612	     41.2725	     78.2562	     -0.1812	      0.0175	     -0.0324	     -0.0583	      0.0351	     -0.2683
5679	     47.8612	     41.2725	     78.2562	      0.0055	      0.0041	      0.0297	     -0.0245	     -0.0853	     -0.0184
56710	     47.8612	     41.2725	     78.2562	      0.0329	     -0.0028	     -0.0048	      0.0653	      0.0032	      0.0137
56711	     47.8612	     41.2725	     78.2562	      0.0081	      0.0032	      0.0252	     -0.0088	     -0.0751	     -0.0163
56712	     47.8612	     41.2725	     78.2562	      0.0017	      0.0012	      0.0081	      0.0200	     -0.0338	     -0.0270
5689	     47.8612	     57.2781	     98.3020	      0.0091	     -0.0011	      0.0281	      0.0022	     -0.0897	     -0.0210
56810	     47.8612	     57.2781	     98.3020	      0.0302	     -0.0073	     -0.0026	      0.0431	      0.0134	      0.0105
56811	     47.8612	     57.2781	     98.3020	      0.0104	     -0.0021	      0.0234	      0.0149	     -0.0770	     -0.0199
56812	     47.8612	     57.2781	     98.3020	      0.0023	     -0.0033	      0.0088	      0.0208	     -0.0305	     -0.0294
56910	     47.8612	    113.2509	    161.1121	     -0.0243	      0.0331	      0.0158	     -0.1484	      0.0248	      0.0162
56911	     47.8612	    113.2509	    161.1121	     -0.0079	      0.0159	      0.0324	     -0.1205	     -0.0309	      0.0045
56912	     47.8612	    113.2509	    161.1121	     -0.0063	      0.0129	      0.0230	     -0.1287	     -0.0038	      0.0064
561011	     47.8612	    136.0626	    165.5253	     -0.0123	      0.0343	      0.0135	     -0.0629	     -0.0165	      0.0264
561012	     47.8612	    136.0626	    165.5253	     -0.0059	      0.0284	      0.0029	     -0.0157	     -0.0003	      0.0306
561112	     47.8612	    126.6458	    174.5070	     -0.0053	      0.0157	      0.0204	     -0.0849	     -0.0256	      0.0086
5789	     78.2562	     20.0458	     98.3020	      0.0152	      0.0031	      0.0252	     -0.0126	     -0.1217	     -0.0407
57810	     78.2562	     20.0458	     98.3020	      0.0499	     -0.0120	      0.0014	      0.0798	      0.0341	     -0.0087
57811	     78.2562	     20.0458	     98.3020	      0.0179	      0.0010	      0.0213	      0.0015	     -0.0982	     -0.0392
57812	     78.2562	     20.0458	     98.3020	      0.0081	     -0.0018	      0.0085	      0.0220	     -0.0388	     -0.0537
57910	     78.2562	     82.8559	    161.1121	      0.0157	      0.0118	      0.0103	     -0.0174	     -0.0491	     -0.0203
57911	     78.2562	     82.8559	    161.1121	      0.0125	      0.0054	      0.0245	     -0.0295	     -0.1059	     -0.0335
57912	     78.2562	     82.8559	    161.1121	      0.0057	      0.0059	      0.0137	     -0.0365	     -0.0868	     -0.0368
571011	     78.2562	     94.7901	    165.5253	      0.0212	      0.0109	      0.0093	      0.0151	     -0.0468	     -0.0195
571012	     78.2562	     94.7901	    165.5253	      0.0156	      0.0072	      0.0028	      0.0300	     -0.0086	     -0.0220
571112	     78.2562	     96.2508	    174.5070	      0.0082	      0.0040	      0.0128	     -0.0137	     -0.0784	     -0.0372
58910	     98.3020	     62.8101	    161.1121	      0.0246	      0.0035	      0.0119	     -0.0030	     -0.0393	     -0.0284
58911	     98.3020	     62.8101	    161.1121	      0.0200	      0.0012	      0.0222	      0.0015	     -0.1291	     -0.0469
58912	     98.3020	     62.8101	    161.1121	      0.0097	      0.0021	      0.0120	     -0.0142	     -0.1037	     -0.0493
581011	     98.3020	     78.7846	    165.5253	      0.0282	      0.0035	      0.0107	      0.0239	     -0.0409	     -0.0288
581012	     98.3020	     78.7846	    165.5253	      0.0188	     -0.0003	      0.0066	      0.0251	      0.0156	     -0.0293
581112	     98.3020	     76.2050	    174.5070	      0.0120	     -0.0000	      0.0114	      0.0046	     -0.0903	     -0.0492
591011	    161.1121	     28.5924	    165.5253	     -0.1044	      0.0845	      0.0165	     -0.2317	      0.0345	      0.1457
591012	    161.1121	     28.5924	    165.5253	     -0.0138	      0.0148	      0.0376	     -0.2171	      0.1467	      0.0220
591112	    161.1121	     14.0165	    174.5070	     -0.0006	      0.0081	      0.0307	     -0.1518	      0.0100	     -0.0010
5101112	    165.5253	     21.0403	    174.5070	     -0.0417	      0.0625	     -0.0055	     -0.0133	     -0.0794	      0.1053
6789	     41.2725	     20.0458	     57.2781	      0.0175	     -0.0391	      0.0569	      0.0666	     -0.1045	      0.0135
67810	     41.2725	     20.0458	     57.2781	      0.0347	     -0.0545	     -0.0260	      0.0023	      0.0351	      0.0387
67811	     41.2725	     20.0458	     57.2781	      0.0100	     -0.0394	      0.0419	      0.0541	     -0.0789	      0.0035
67812	     41.2725	     20.0458	     57.2781	      0.0022	     -0.0410	      0.0163	      0.0308	     -0.0359	     -0.0063
67910	     41.2725	     82.8559	    113.2509	      0.0071	      0.0179	      0.0063	     -0.0387	     -0.0394	     -0.0113
67911	     41.2725	     82.8559	    113.2509	      0.0142	     -0.0419	      0.0469	      0.0276	     -0.0856	      0.0100
67912	     41.2725	     82.8559	    113.2509	      0.0066	     -0.0373	      0.0232	     -0.0272	     -0.0635	      0.0057
671011	     41.2725	     94.7901	    136.0626	      0.0118	      0.0274	      0.0105	      0.0108	     -0.0446	     -0.0120
671012	     41.2725	     94.7901	    136.0626	      0.0094	      0.0111	     -0.0011	      0.0103	     -0.0154	     -0.0071
671112	     41.2725	     96.2508	    126.6458	      0.0065	     -0.0573	      0.0263	      0.0072	     -0.0590	      0.0065
68910	     57.2781	     62.8101	    113.2509	      0.0145	     -0.0112	      0.0062	     -0.0262	     -0.0265	      0.0063
68911	     57.2781	     62.8101	    113.2509	      0.0101	     -0.0339	      0.0485	      0.0665	     -0.0977	      0.0087
68912	     57.2781	     62.8101	    113.2509	      0.0045	     -0.0342	      0.0234	      0.0011	     -0.0668	      0.0071
681011	     57.2781	     78.7846	    136.0626	      0.0164	     -0.0064	      0.0104	      0.0177	     -0.0338	      0.0037
681012	     57.2781	     78.7846	    136.0626	      0.0105	     -0.0127	      0.0013	      0.0091	     -0.0020	      0.0049
681112	     57.2781	     76.2050	    126.6458	      0.0034	     -0.0408	      0.0240	      0.0288	     -0.0626	      0.0054
691011	    113.2509	     28.5924	    136.0626	     -0.0446	      0.1138	      0.0120	     -0.2129	      0.0111	     -0.0130
691012	    113.2509	     28.5924	    136.0626	     -0.0173	      0.0555	      0.0046	     -0.2101	      0.0338	     -0.0025
691112	    113.2509	     14.0165	    126.6458	      0.0026	     -0.0162	      0.0217	     -0.2461	      0.0143	      0.0180
6101112	    136.0626	     21.0403	    126.6458	     -0.0205	      0.0977	      0.0047	     -0.0969	     -0.0166	      0.0074
78910	     20.0458	     62.8101	     82.8559	      0.0031	      0.0470	     -0.0908	     -0.3041	     -0.1529	     -0.0807
78911	     20.0458	     62.8101	     82.8559	      0.0157	     -0.0131	      0.0375	      0.0286	     -0.1004	     -0.0230
78912	     20.0458	     62.8101	     82.8559	      0.0067	     -0.0177	     -0.0124	     -0.1229	     -0.1403	     -0.0092
781011	     20.0458	     78.7846	     94.7901	      0.0394	      0.0805	     -0.0004	     -0.0049	     -0.0756	     -0.1175
781012	     20.0458	     78.7846	     94.7901	      0.0240	      0.0472	     -0.0118	     -0.0206	     -0.0414	     -0.0868
781112	     20.0458	     76.2050	     96.2508	      0.0049	     -0.0327	     -0.0029	     -0.0838	     -0.1195	      0.0020
791011	     82.8559	     28.5924	     94.7901	     -0.0014	      0.1347	     -0.0665	     -0.2742	     -0.1664	     -0.1331
791012	     82.8559	     28.5924	     94.7901	      0.0074	      0.1334	     -0.0467	     -0.2018	     -0.1384	     -0.1446
791112	     82.8559	     14.0165	     96.2508	      0.0055	     -0.0026	     -0.0206	     -0.1849	     -0.1451	     -0.0111
7101112	     94.7901	     21.0403	     96.2508	      0.0155	      0.1838	     -0.0517	     -0.1955	     -0.1588	     -0.1684
891011	     62.8101	     28.5924	     78.7846	      0.0580	      0.1601	     -0.0910	     -0.2728	     -0.2324	     -0.2884
891012	     62.8101	     28.5924	     78.7846	      0.0627	      0.2233	     -0.0868	     -0.2697	     -0.2384	     -0.4014
891112	     62.8101	     14.0165	     76.2050	      0.0087	     -0.0141	     -0.0286	     -0.1454	     -0.1925	     -0.0145
8101112	     78.7846	     21.0403	     76.2050	      0.0621	      0.1908	     -0.0707	     -0.2103	     -0.2106	     -0.3173
9101112	     28.5924	     21.0403	     14.0165	      0.0311	      0.1447	     -0.0376	     -0.2429	     -0.1044	     -0.2121
