0123	     93.5470	     48.9801	    129.4740	     -0.0597	     -0.0087	     -0.0083	      0.0344	      0.0804	      0.0075
0124	     93.5470	     48.9801	    129.4740	     -0.0646	     -0.0161	     -0.0020	      0.0384	      0.0878	      0.0045
0125	     93.5470	     48.9801	    129.4740	     -0.0466	      0.0325	      0.0058	     -0.0044	     -0.0353	      0.0093
0126	     93.5470	     48.9801	    129.4740	      0.0179	      0.0649	      0.0556	      0.0767	     -0.1073	      0.0513
0127	     93.5470	     48.9801	    129.4740	      0.0337	      0.0497	      0.0548	      0.1150	     -0.0709	      0.0220
0128	     93.5470	     48.9801	    129.4740	     -0.0520	     -0.0041	      0.0090	      0.0426	      0.0384	     -0.0351
0129	     93.5470	     48.9801	    129.4740	     -0.0334	      0.0437	      0.0424	      0.0109	     -0.0759	      0.0167
01210	     93.5470	     48.9801	    129.4740	      0.0133	      0.0376	      0.0276	      0.1203	     -0.0006	      0.0516
01211	     93.5470	     48.9801	    129.4740	     -0.0183	      0.0445	      0.0411	      0.0421	     -0.0638	      0.0269
01212	     93.5470	     48.9801	    129.4740	     -0.0119	      0.0274	      0.0200	      0.0842	      0.0048	      0.0320
0134	     93.5470	     98.3952	     47.5504	     -0.0488	     -0.0406	     -0.0489	      0.2098	      0.1108	     -0.0701
0135	     93.5470	     98.3952	     47.5504	     -0.0117	     -0.0023	     -0.0576	      0.2474	      0.0792	     -0.0233
0136	     93.5470	     98.3952	     47.5504	     -0.0437	     -0.0296	     -0.0573	      0.2093	      0.0701	     -0.0658
0137	     93.5470	     98.3952	     47.5504	     -0.0605	     -0.0443	     -0.0308	      0.1228	      0.1038	     -0.0925
0138	     93.5470	     98.3952	     47.5504	     -0.0700	     -0.0384	     -0.0120	      0.0464	      0.0914	     -0.0741
0139	     93.5470	     98.3952	     47.5504	     -0.0528	      0.0158	      0.0262	     -0.0953	      0.0081	      0.0434
01310	     93.5470	     98.3952	     47.5504	     -0.0241	      0.0218	     -0.0032	      0.0271	      0.0319	      0.0627
01311	     93.5470	     98.3952	     47.5504	     -0.0444	      0.0196	      0.0222	     -0.0715	     -0.0033	      0.0483
01312	     93.5470	     98.3952	     47.5504	     -0.0210	      0.0225	      0.0067	      0.0155	      0.0150	      0.0494
0145	     93.5470	     81.8303	     41.7387	      0.0269	     -0.0184	     -0.0933	      0.4265	      0.1458	      0.0011
0146	     93.5470	     81.8303	     41.7387	     -0.0273	     -0.0362	     -0.0686	      0.2840	      0.0890	     -0.0531
0147	     93.5470	     81.8303	     41.7387	     -0.0590	     -0.0461	     -0.0270	      0.1304	      0.1063	     -0.0925
0148	     93.5470	     81.8303	     41.7387	     -0.0749	     -0.0398	     -0.0056	      0.0462	      0.0858	     -0.0800
0149	     93.5470	     81.8303	     41.7387	     -0.0574	      0.0061	      0.0353	     -0.0865	      0.0143	      0.0476
01410	     93.5470	     81.8303	     41.7387	     -0.0203	      0.0052	      0.0012	      0.0487	      0.0534	      0.0684
01411	     93.5470	     81.8303	     41.7387	     -0.0491	      0.0065	      0.0319	     -0.0650	      0.0060	      0.0499
01412	     93.5470	     81.8303	     41.7387	     -0.0210	      0.0048	      0.0126	      0.0301	      0.0284	      0.0512
0156	     93.5470	     51.3420	     42.2049	     -0.0054	      0.0110	     -0.0363	      0.2137	      0.0121	     -0.0084
0157	     93.5470	     51.3420	     42.2049	     -0.0385	      0.0049	     -0.0047	      0.0496	     -0.0089	     -0.0740
0158	     93.5470	     51.3420	     42.2049	     -0.0486	      0.0040	      0.0011	      0.0145	     -0.0202	     -0.0886
0159	     93.5470	     51.3420	     42.2049	     -0.0465	      0.0399	      0.0226	     -0.0563	     -0.0793	      0.0106
01510	     93.5470	     51.3420	     42.2049	      0.0031	      0.0318	     -0.0043	      0.1145	     -0.0214	      0.0548
01511	     93.5470	     51.3420	     42.2049	     -0.0322	      0.0395	      0.0187	     -0.0153	     -0.0764	      0.0235
01512	     93.5470	     51.3420	     42.2049	     -0.0116	      0.0288	      0.0021	      0.0809	     -0.0418	      0.0186
0167	     93.5470	     16.7204	     90.0661	     -0.1050	     -0.0413	     -0.0274	      0.0107	      0.0486	     -0.1397
0168	     93.5470	     16.7204	     90.0661	     -0.0926	     -0.0236	     -0.0067	     -0.0120	      0.0174	     -0.1145
0169	     93.5470	     16.7204	     90.0661	     -0.0242	      0.0395	      0.0468	      0.0067	     -0.0788	     -0.0061
01610	     93.5470	     16.7204	     90.0661	      0.0287	      0.0462	      0.0112	      0.2008	     -0.0499	      0.0520
01611	     93.5470	     16.7204	     90.0661	     -0.0123	      0.0417	      0.0402	      0.0473	     -0.0741	      0.0073
01612	     93.5470	     16.7204	     90.0661	     -0.0066	      0.0277	      0.0097	      0.1305	     -0.0360	      0.0044
0178	     93.5470	     26.9142	    120.4611	     -0.1049	     -0.0331	     -0.0149	     -0.0133	      0.0349	     -0.1239
0179	     93.5470	     26.9142	    120.4611	     -0.0075	      0.0328	      0.0500	      0.0417	     -0.0859	     -0.0358
01710	     93.5470	     26.9142	    120.4611	      0.0442	      0.0242	      0.0257	      0.1983	      0.0054	      0.0105
01711	     93.5470	     26.9142	    120.4611	      0.0036	      0.0302	      0.0448	      0.0782	     -0.0663	     -0.0272
01712	     93.5470	     26.9142	    120.4611	      0.0023	      0.0100	      0.0197	      0.1321	     -0.0013	     -0.0325
0189	     93.5470	     46.9599	    140.5069	     -0.0017	      0.0258	      0.0491	      0.0648	     -0.0832	     -0.0480
01810	     93.5470	     46.9599	    140.5069	      0.0369	      0.0143	      0.0305	      0.1622	      0.0237	      0.0001
01811	     93.5470	     46.9599	    140.5069	      0.0071	      0.0218	      0.0449	      0.0926	     -0.0593	     -0.0396
01812	     93.5470	     46.9599	    140.5069	      0.0023	      0.0038	      0.0242	      0.1168	      0.0118	     -0.0363
01910	     93.5470	    109.7700	    203.3170	     -0.0230	      0.0416	      0.0355	      0.0087	     -0.0238	      0.0403
01911	     93.5470	    109.7700	    203.3170	     -0.0217	      0.0381	      0.0476	      0.0122	     -0.0600	      0.0097
01912	     93.5470	    109.7700	    203.3170	     -0.0139	      0.0287	      0.0246	      0.0379	     -0.0329	      0.0123
011011	     93.5470	    119.3423	    195.6716	     -0.0068	      0.0465	      0.0301	      0.0760	     -0.0419	      0.0412
011012	     93.5470	    119.3423	    195.6716	     -0.0093	      0.0354	      0.0148	      0.0972	     -0.0062	      0.0499
011112	     93.5470	    123.1650	    216.7119	     -0.0099	      0.0322	      0.0182	      0.0907	     -0.0470	      0.0121
0234	    129.4740	    147.3753	     47.5504	     -0.0783	     -0.0212	     -0.0003	      0.0429	      0.1645	      0.0244
0235	    129.4740	    147.3753	     47.5504	     -0.0296	      0.0136	     -0.0125	      0.0534	      0.0784	      0.0311
0236	    129.4740	    147.3753	     47.5504	     -0.0494	     -0.0017	     -0.0102	      0.0342	      0.0565	      0.0047
0237	    129.4740	    147.3753	     47.5504	     -0.0540	     -0.0236	     -0.0122	      0.0766	      0.1254	     -0.0298
0238	    129.4740	    147.3753	     47.5504	     -0.0731	     -0.0400	     -0.0048	      0.0727	      0.2006	     -0.0294
0239	    129.4740	    147.3753	     47.5504	     -0.0707	      0.0194	      0.0139	     -0.0625	     -0.0135	      0.0800
02310	    129.4740	    147.3753	     47.5504	     -0.0394	      0.0182	      0.0032	      0.0106	      0.0572	      0.0847
02311	    129.4740	    147.3753	     47.5504	     -0.0587	      0.0240	      0.0097	     -0.0401	     -0.0253	      0.0826
02312	    129.4740	    147.3753	     47.5504	     -0.0277	      0.0242	      0.0085	      0.0174	      0.0292	      0.0749
0245	    129.4740	    130.8103	     41.7387	     -0.0145	     -0.0018	     -0.0152	      0.0918	      0.1423	      0.0345
0246	    129.4740	    130.8103	     41.7387	     -0.0570	     -0.0127	     -0.0028	      0.0367	      0.0671	      0.0003
0247	    129.4740	    130.8103	     41.7387	     -0.0525	     -0.0288	     -0.0111	      0.0881	      0.1397	     -0.0268
0248	    129.4740	    130.8103	     41.7387	     -0.0659	     -0.0361	     -0.0059	      0.0735	      0.1928	     -0.0272
0249	    129.4740	    130.8103	     41.7387	     -0.0776	      0.0118	      0.0259	     -0.0511	      0.0012	      0.0876
02410	    129.4740	    130.8103	     41.7387	     -0.0380	      0.0058	      0.0096	      0.0248	      0.0849	      0.0941
02411	    129.4740	    130.8103	     41.7387	     -0.0657	      0.0130	      0.0225	     -0.0297	     -0.0051	      0.0911
02412	    129.4740	    130.8103	     41.7387	     -0.0301	      0.0100	      0.0154	      0.0284	      0.0515	      0.0896
0256	    129.4740	     95.1630	     42.2049	     -0.0403	      0.0327	      0.0057	      0.0080	     -0.0461	      0.0042
0257	    129.4740	     95.1630	     42.2049	     -0.0539	      0.0311	      0.0102	     -0.0294	     -0.0898	     -0.0366
0258	    129.4740	     95.1630	     42.2049	     -0.0375	      0.0128	      0.0023	      0.0216	     -0.0053	     -0.0421
0259	    129.4740	     95.1630	     42.2049	     -0.0684	      0.0577	      0.0096	     -0.0502	     -0.1492	      0.0362
02510	    129.4740	     95.1630	     42.2049	     -0.0188	      0.0391	      0.0028	      0.0413	     -0.0231	      0.0691
02511	    129.4740	     95.1630	     42.2049	     -0.0494	      0.0544	      0.0100	     -0.0215	     -0.1240	      0.0521
02512	    129.4740	     95.1630	     42.2049	     -0.0205	      0.0383	      0.0041	      0.0405	     -0.0429	      0.0533
0267	    129.4740	     65.7004	     90.0661	      0.0146	      0.0529	      0.0522	      0.0686	     -0.1061	      0.0067
0268	    129.4740	     65.7004	     90.0661	     -0.0354	      0.0128	      0.0193	      0.0407	     -0.0208	     -0.0376
0269	    129.4740	     65.7004	     90.0661	     -0.0286	      0.0470	      0.0410	      0.0180	     -0.0926	      0.0081
02610	    129.4740	     65.7004	     90.0661	      0.0090	      0.0449	      0.0219	      0.1036	     -0.0300	      0.0492
02611	    129.4740	     65.7004	     90.0661	     -0.0159	      0.0482	      0.0377	      0.0438	     -0.0812	      0.0208
02612	    129.4740	     65.7004	     90.0661	     -0.0117	      0.0333	      0.0150	      0.0760	     -0.0209	      0.0271
0278	    129.4740	     24.4279	    120.4611	      0.2330	      0.0581	      0.1176	      0.4222	      0.0579	      0.0740
0279	    129.4740	     24.4279	    120.4611	     -0.0109	      0.0428	      0.0453	      0.0375	     -0.0978	     -0.0220
02710	    129.4740	     24.4279	    120.4611	      0.0543	      0.0208	      0.0435	      0.2008	      0.0578	      0.0132
02711	    129.4740	     24.4279	    120.4611	      0.0048	      0.0395	      0.0455	      0.0740	     -0.0669	     -0.0134
02712	    129.4740	     24.4279	    120.4611	      0.0005	      0.0141	      0.0268	      0.1141	      0.0318	     -0.0105
0289	    129.4740	     11.0329	    140.5069	     -0.0023	      0.0342	      0.0474	      0.0615	     -0.0848	     -0.0338
02810	    129.4740	     11.0329	    140.5069	      0.0592	      0.0018	      0.0541	      0.2150	      0.1285	      0.0112
02811	    129.4740	     11.0329	    140.5069	      0.0116	      0.0288	      0.0490	      0.0963	     -0.0440	     -0.0252
02812	    129.4740	     11.0329	    140.5069	      0.0027	     -0.0013	      0.0376	      0.1319	      0.0900	     -0.0120
02910	    129.4740	     73.8430	    203.3170	     -0.0307	      0.0416	      0.0331	      0.0166	     -0.0241	      0.0572
02911	    129.4740	     73.8430	    203.3170	     -0.0387	      0.0466	      0.0352	      0.0076	     -0.0848	      0.0362
02912	    129.4740	     73.8430	    203.3170	     -0.0211	      0.0332	      0.0237	      0.0310	     -0.0291	      0.0374
021011	    129.4740	     70.3622	    195.6716	     -0.0158	      0.0446	      0.0330	      0.0568	     -0.0273	      0.0558
021012	    129.4740	     70.3622	    195.6716	     -0.0122	      0.0225	      0.0300	      0.0836	      0.0590	      0.0641
021112	    129.4740	     87.2380	    216.7119	     -0.0186	      0.0369	      0.0202	      0.0549	     -0.0354	      0.0425
0345	     47.5504	     20.2322	     41.7387	      0.0079	     -0.1148	     -0.0449	      0.2253	      0.1551	     -0.4258
0346	     47.5504	     20.2322	     41.7387	     -0.0382	     -0.0401	     -0.0711	      0.2783	      0.0675	     -0.0794
0347	     47.5504	     20.2322	     41.7387	     -0.0546	     -0.0520	     -0.0280	      0.1412	      0.1422	     -0.1103
0348	     47.5504	     20.2322	     41.7387	     -0.0672	     -0.0451	     -0.0068	      0.0668	      0.1612	     -0.0762
0349	     47.5504	     20.2322	     41.7387	     -0.1329	      0.0270	      0.0749	     -0.2266	      0.2136	      0.2414
03410	     47.5504	     20.2322	     41.7387	     -0.1242	      0.0321	      0.0575	     -0.1651	      0.1979	      0.2575
03411	     47.5504	     20.2322	     41.7387	     -0.1531	      0.0484	      0.1002	     -0.3182	      0.2223	      0.3341
03412	     47.5504	     20.2322	     41.7387	     -0.1356	      0.1132	      0.0352	     -0.0867	      0.1850	      0.5869
0356	     47.5504	     52.2123	     42.2049	     -0.0095	      0.0032	     -0.0718	      0.2949	      0.0383	     -0.0155
0357	     47.5504	     52.2123	     42.2049	     -0.0151	     -0.0204	     -0.0305	      0.1446	      0.0986	     -0.0921
0358	     47.5504	     52.2123	     42.2049	     -0.0220	     -0.0169	     -0.0117	      0.0651	      0.0925	     -0.0843
0359	     47.5504	     52.2123	     42.2049	     -0.0469	      0.0289	      0.0221	     -0.1008	      0.0056	      0.0572
03510	     47.5504	     52.2123	     42.2049	     -0.0360	      0.0463	     -0.0131	      0.0400	     -0.0036	      0.1315
03511	     47.5504	     52.2123	     42.2049	     -0.0467	      0.0406	      0.0112	     -0.0609	     -0.0285	      0.0915
03512	     47.5504	     52.2123	     42.2049	     -0.0484	      0.0662	     -0.0059	      0.0034	     -0.0161	      0.2003
0367	     47.5504	     81.6749	     90.0661	     -0.0580	     -0.0402	     -0.0282	      0.0926	      0.0669	     -0.1015
0368	     47.5504	     81.6749	     90.0661	     -0.0624	     -0.0338	     -0.0121	      0.0327	      0.0600	     -0.0857
0369	     47.5504	     81.6749	     90.0661	     -0.0410	      0.0145	      0.0252	     -0.0863	      0.0011	      0.0179
03610	     47.5504	     81.6749	     90.0661	     -0.0142	      0.0244	     -0.0119	      0.0557	      0.0083	      0.0513
03611	     47.5504	     81.6749	     90.0661	     -0.0332	      0.0178	      0.0179	     -0.0516	     -0.0141	      0.0226
03612	     47.5504	     81.6749	     90.0661	     -0.0159	      0.0207	      0.0026	      0.0258	     -0.0035	      0.0276
0378	     47.5504	    122.9474	    120.4611	     -0.0612	     -0.0424	     -0.0132	      0.0715	      0.1157	     -0.0905
0379	     47.5504	    122.9474	    120.4611	     -0.0289	      0.0098	      0.0111	     -0.0425	     -0.0470	     -0.0208
03710	     47.5504	    122.9474	    120.4611	      0.0005	      0.0091	     -0.0079	      0.0600	      0.0313	     -0.0041
03711	     47.5504	    122.9474	    120.4611	     -0.0203	      0.0095	      0.0062	     -0.0119	     -0.0442	     -0.0224
03712	     47.5504	    122.9474	    120.4611	     -0.0035	      0.0055	      0.0041	      0.0396	      0.0002	     -0.0350
0389	     47.5504	    138.9530	    140.5069	     -0.0265	      0.0048	      0.0089	     -0.0279	     -0.0429	     -0.0329
03810	     47.5504	    138.9530	    140.5069	     -0.0025	     -0.0006	      0.0010	      0.0446	      0.0699	     -0.0150
03811	     47.5504	    138.9530	    140.5069	     -0.0184	      0.0040	      0.0057	     -0.0033	     -0.0385	     -0.0356
03812	     47.5504	    138.9530	    140.5069	     -0.0017	     -0.0003	      0.0088	      0.0371	      0.0221	     -0.0465
03910	     47.5504	    189.1451	    203.3170	     -0.1517	      0.0218	      0.0908	     -0.2595	      0.2913	      0.2853
03911	     47.5504	    189.1451	    203.3170	     -0.1408	      0.0303	      0.0887	     -0.2633	      0.2246	      0.2789
03912	     47.5504	    189.1451	    203.3170	     -0.0455	      0.0241	      0.0427	     -0.1021	      0.1157	      0.1253
031011	     47.5504	    217.7375	    195.6716	     -0.1554	      0.0389	      0.0837	     -0.2576	      0.2199	      0.3192
031012	     47.5504	    217.7375	    195.6716	     -0.0594	      0.0467	      0.0155	     -0.0161	      0.0593	      0.2060
031112	     47.5504	    203.1616	    216.7119	     -0.0520	      0.0430	      0.0163	     -0.0464	      0.0138	      0.1595
0456	     41.7387	     35.6473	     42.2049	      0.0280	     -0.0061	     -0.1069	      0.4756	      0.0795	      0.0333
0457	     41.7387	     35.6473	     42.2049	      0.0018	     -0.0328	     -0.0408	      0.2054	      0.1582	     -0.0781
0458	     41.7387	     35.6473	     42.2049	     -0.0140	     -0.0263	     -0.0132	      0.0873	      0.1370	     -0.0710
0459	     41.7387	     35.6473	     42.2049	     -0.0418	      0.0160	      0.0323	     -0.1041	      0.0327	      0.0497
04510	     41.7387	     35.6473	     42.2049	     -0.0169	      0.0194	     -0.0026	      0.0483	      0.0517	      0.0921
04511	     41.7387	     35.6473	     42.2049	     -0.0373	      0.0209	      0.0245	     -0.0664	      0.0013	      0.0636
04512	     41.7387	     35.6473	     42.2049	     -0.0242	      0.0232	      0.0100	      0.0039	      0.0330	      0.0923
0467	     41.7387	     65.1099	     90.0661	     -0.0644	     -0.0453	     -0.0191	      0.0873	      0.0646	     -0.1104
0468	     41.7387	     65.1099	     90.0661	     -0.0712	     -0.0385	     -0.0040	      0.0319	      0.0562	     -0.0941
0469	     41.7387	     65.1099	     90.0661	     -0.0457	      0.0032	      0.0337	     -0.0779	      0.0065	      0.0231
04610	     41.7387	     65.1099	     90.0661	     -0.0102	      0.0054	     -0.0069	      0.0767	      0.0304	      0.0571
04611	     41.7387	     65.1099	     90.0661	     -0.0377	      0.0027	      0.0275	     -0.0462	     -0.0053	      0.0235
04612	     41.7387	     65.1099	     90.0661	     -0.0157	      0.0015	      0.0086	      0.0412	      0.0077	      0.0265
0478	     41.7387	    106.3825	    120.4611	     -0.0642	     -0.0441	     -0.0096	      0.0731	      0.1143	     -0.0921
0479	     41.7387	    106.3825	    120.4611	     -0.0360	     -0.0037	      0.0222	     -0.0289	     -0.0307	     -0.0075
04710	     41.7387	    106.3825	    120.4611	      0.0035	     -0.0097	     -0.0042	      0.0834	      0.0631	      0.0103
04711	     41.7387	    106.3825	    120.4611	     -0.0270	     -0.0064	      0.0167	      0.0011	     -0.0265	     -0.0116
04712	     41.7387	    106.3825	    120.4611	     -0.0062	     -0.0113	      0.0099	      0.0533	      0.0171	     -0.0210
0489	     41.7387	    122.3880	    140.5069	     -0.0354	     -0.0074	      0.0194	     -0.0140	     -0.0232	     -0.0127
04810	     41.7387	    122.3880	    140.5069	     -0.0019	     -0.0151	      0.0038	      0.0587	      0.0979	      0.0054
04811	     41.7387	    122.3880	    140.5069	     -0.0270	     -0.0099	      0.0154	      0.0097	     -0.0189	     -0.0164
04812	     41.7387	    122.3880	    140.5069	     -0.0063	     -0.0140	      0.0135	      0.0466	      0.0373	     -0.0225
04910	     41.7387	    172.5801	    203.3170	     -0.1429	      0.0348	      0.0733	     -0.2229	      0.2143	      0.2624
04911	     41.7387	    172.5801	    203.3170	     -0.1358	      0.0381	      0.0744	     -0.2221	      0.1590	      0.2563
04912	     41.7387	    172.5801	    203.3170	     -0.0490	      0.0173	      0.0468	     -0.1027	      0.1290	      0.1455
041011	     41.7387	    201.1726	    195.6716	     -0.1538	      0.0508	      0.0739	     -0.2263	      0.1705	      0.3132
041012	     41.7387	    201.1726	    195.6716	     -0.0613	      0.0355	      0.0249	     -0.0136	      0.0905	      0.2188
041112	     41.7387	    186.5966	    216.7119	     -0.0562	      0.0305	      0.0312	     -0.0520	      0.0603	      0.1794
0567	     42.2049	     47.8612	     90.0661	     -0.0479	      0.0063	      0.0022	      0.0119	     -0.0445	     -0.0976
0568	     42.2049	     47.8612	     90.0661	     -0.0512	      0.0045	      0.0040	      0.0018	     -0.0483	     -0.1075
0569	     42.2049	     47.8612	     90.0661	     -0.0352	      0.0354	      0.0214	     -0.0252	     -0.0948	     -0.0098
05610	     42.2049	     47.8612	     90.0661	      0.0113	      0.0356	     -0.0133	      0.1664	     -0.0587	      0.0566
05611	     42.2049	     47.8612	     90.0661	     -0.0217	      0.0354	      0.0125	      0.0335	     -0.0969	      0.0030
05612	     42.2049	     47.8612	     90.0661	     -0.0085	      0.0283	     -0.0043	      0.1154	     -0.0737	      0.0019
0578	     42.2049	     78.2562	    120.4611	     -0.0657	      0.0125	      0.0114	     -0.0476	     -0.1236	     -0.1375
0579	     42.2049	     78.2562	    120.4611	     -0.0245	      0.0288	      0.0212	     -0.0138	     -0.1269	     -0.0487
05710	     42.2049	     78.2562	    120.4611	      0.0273	      0.0086	      0.0019	      0.1260	      0.0106	     -0.0076
05711	     42.2049	     78.2562	    120.4611	     -0.0097	      0.0230	      0.0181	      0.0228	     -0.1004	     -0.0424
05712	     42.2049	     78.2562	    120.4611	      0.0042	      0.0082	      0.0074	      0.0831	     -0.0388	     -0.0562
0589	     42.2049	     98.3020	    140.5069	     -0.0168	      0.0244	      0.0197	      0.0093	     -0.1473	     -0.0698
05810	     42.2049	     98.3020	    140.5069	      0.0270	      0.0016	      0.0086	      0.0985	      0.0352	     -0.0210
05811	     42.2049	     98.3020	    140.5069	     -0.0033	      0.0175	      0.0179	      0.0365	     -0.1081	     -0.0618
05812	     42.2049	     98.3020	    140.5069	      0.0064	      0.0041	      0.0109	      0.0711	     -0.0326	     -0.0674
05910	     42.2049	    161.1121	    203.3170	     -0.0851	      0.0759	     -0.0000	     -0.0616	     -0.0960	      0.1342
05911	     42.2049	    161.1121	    203.3170	     -0.0679	      0.0679	     -0.0037	      0.0024	     -0.1809	      0.0679
05912	     42.2049	    161.1121	    203.3170	     -0.0191	      0.0397	     -0.0022	      0.0640	     -0.1368	      0.0099
051011	     42.2049	    165.5253	    195.6716	     -0.0906	      0.1009	     -0.0202	      0.0125	     -0.1709	      0.1945
051012	     42.2049	    165.5253	    195.6716	     -0.0573	      0.0973	     -0.0333	      0.1240	     -0.1835	      0.2043
051112	     42.2049	    174.5070	    216.7119	     -0.0279	      0.0592	     -0.0243	      0.1462	     -0.1978	      0.0522
0678	     90.0661	     41.2725	    120.4611	     -0.0783	     -0.0157	      0.0010	     -0.0046	     -0.0167	     -0.1225
0679	     90.0661	     41.2725	    120.4611	     -0.0072	      0.0338	      0.0468	      0.0351	     -0.1013	     -0.0446
06710	     90.0661	     41.2725	    120.4611	      0.0317	      0.0298	      0.0182	      0.1535	     -0.0249	      0.0066
06711	     90.0661	     41.2725	    120.4611	      0.0020	      0.0316	      0.0404	      0.0648	     -0.0834	     -0.0343
06712	     90.0661	     41.2725	    120.4611	      0.0014	      0.0143	      0.0147	      0.1117	     -0.0280	     -0.0379
0689	     90.0661	     57.2781	    140.5069	     -0.0022	      0.0278	      0.0447	      0.0557	     -0.1056	     -0.0580
06810	     90.0661	     57.2781	    140.5069	      0.0274	      0.0192	      0.0222	      0.1251	     -0.0082	     -0.0079
06811	     90.0661	     57.2781	    140.5069	      0.0051	      0.0240	      0.0394	      0.0773	     -0.0822	     -0.0481
06812	     90.0661	     57.2781	    140.5069	      0.0021	      0.0083	      0.0184	      0.0967	     -0.0196	     -0.0456
06910	     90.0661	    113.2509	    203.3170	     -0.0163	      0.0446	      0.0314	      0.0237	     -0.0457	      0.0269
06911	     90.0661	    113.2509	    203.3170	     -0.0151	      0.0395	      0.0426	      0.0288	     -0.0838	     -0.0071
06912	     90.0661	    113.2509	    203.3170	     -0.0101	      0.0308	      0.0186	      0.0520	     -0.0619	     -0.0052
061011	     90.0661	    136.0626	    195.6716	     -0.0023	      0.0516	      0.0209	      0.1001	     -0.0744	      0.0345
061012	     90.0661	    136.0626	    195.6716	     -0.0083	      0.0432	      0.0058	      0.1128	     -0.0440	      0.0456
061112	     90.0661	    126.6458	    216.7119	     -0.0073	      0.0360	      0.0089	      0.1166	     -0.0848	     -0.0011
0789	    120.4611	     20.0458	    140.5069	      0.0200	      0.0307	      0.0531	      0.0755	     -0.1092	     -0.0847
07810	    120.4611	     20.0458	    140.5069	      0.0730	      0.0074	      0.0476	      0.2260	      0.0701	     -0.0286
07811	    120.4611	     20.0458	    140.5069	      0.0288	      0.0241	      0.0505	      0.1069	     -0.0679	     -0.0741
07812	    120.4611	     20.0458	    140.5069	      0.0123	     -0.0009	      0.0289	      0.1292	      0.0274	     -0.0687
07910	    120.4611	     82.8559	    203.3170	      0.0241	      0.0305	      0.0437	      0.0873	     -0.0336	     -0.0345
07911	    120.4611	     82.8559	    203.3170	      0.0176	      0.0299	      0.0523	      0.0715	     -0.0842	     -0.0652
07912	    120.4611	     82.8559	    203.3170	      0.0049	      0.0210	      0.0232	      0.0587	     -0.0565	     -0.0544
071011	    120.4611	     94.7901	    195.6716	      0.0355	      0.0297	      0.0406	      0.1343	     -0.0270	     -0.0348
071012	    120.4611	     94.7901	    195.6716	      0.0121	      0.0146	      0.0237	      0.1166	      0.0224	     -0.0196
071112	    120.4611	     96.2508	    216.7119	      0.0092	      0.0178	      0.0224	      0.0980	     -0.0457	     -0.0555
08910	    140.5069	     62.8101	    203.3170	      0.0386	      0.0218	      0.0509	      0.1085	     -0.0122	     -0.0543
08911	    140.5069	     62.8101	    203.3170	      0.0309	      0.0274	      0.0528	      0.0937	     -0.0949	     -0.0909
08912	    140.5069	     62.8101	    203.3170	      0.0098	      0.0165	      0.0248	      0.0628	     -0.0548	     -0.0707
081011	    140.5069	     78.7846	    195.6716	      0.0465	      0.0207	      0.0491	      0.1429	     -0.0026	     -0.0542
081012	    140.5069	     78.7846	    195.6716	      0.0157	     -0.0000	      0.0362	      0.1169	      0.0774	     -0.0263
081112	    140.5069	     76.2050	    216.7119	      0.0131	      0.0123	      0.0262	      0.0938	     -0.0364	     -0.0690
091011	    203.3170	     28.5924	    195.6716	     -0.1551	      0.0572	      0.0502	     -0.2104	      0.1082	      0.2870
091012	    203.3170	     28.5924	    195.6716	     -0.0245	     -0.0005	      0.0779	     -0.0544	      0.2163	      0.0891
091112	    203.3170	     14.0165	    216.7119	     -0.0047	      0.0603	     -0.0304	      0.1357	     -0.2744	     -0.0520
0101112	    195.6716	     21.0403	    216.7119	     -0.0430	      0.0846	     -0.0282	      0.1091	     -0.1898	      0.1243
1234	     48.9801	    147.3753	     98.3952	     -0.0418	     -0.0115	     -0.0053	      0.0051	      0.0557	      0.0358
1235	     48.9801	    147.3753	     98.3952	     -0.0101	      0.0208	     -0.0147	      0.0227	      0.0600	      0.0414
1236	     48.9801	    147.3753	     98.3952	      0.0222	      0.0394	     -0.0269	      0.0048	      0.0296	      0.0620
1237	     48.9801	    147.3753	     98.3952	      0.0226	      0.0278	     -0.0292	      0.0256	      0.0408	      0.0241
1238	     48.9801	    147.3753	     98.3952	     -0.0341	     -0.0126	     -0.0149	      0.0120	      0.0652	     -0.0075
1239	     48.9801	    147.3753	     98.3952	     -0.0357	      0.0106	      0.0045	     -0.1079	     -0.0478	      0.0642
12310	     48.9801	    147.3753	     98.3952	     -0.0042	      0.0239	     -0.0158	     -0.0252	      0.0125	      0.0587
12311	     48.9801	    147.3753	     98.3952	     -0.0278	      0.0158	      0.0023	     -0.0974	     -0.0535	      0.0679
12312	     48.9801	    147.3753	     98.3952	     -0.0146	      0.0229	     -0.0021	     -0.0652	     -0.0254	      0.0673
1245	     48.9801	    130.8103	     81.8303	      0.0355	      0.0075	     -0.0111	      0.0544	      0.0667	      0.0968
1246	     48.9801	    130.8103	     81.8303	      0.0902	      0.0119	     -0.0258	      0.0403	      0.0311	      0.1547
1247	     48.9801	    130.8103	     81.8303	      0.0873	      0.0017	     -0.0290	      0.0588	      0.0505	      0.1131
1248	     48.9801	    130.8103	     81.8303	      0.0079	     -0.0187	     -0.0117	      0.0337	      0.0612	      0.0410
1249	     48.9801	    130.8103	     81.8303	     -0.0311	     -0.0080	      0.0207	     -0.0684	     -0.0519	      0.0801
12410	     48.9801	    130.8103	     81.8303	      0.0053	     -0.0060	     -0.0072	      0.0155	      0.0321	      0.0835
12411	     48.9801	    130.8103	     81.8303	     -0.0273	     -0.0072	      0.0185	     -0.0578	     -0.0515	      0.0818
12412	     48.9801	    130.8103	     81.8303	     -0.0151	     -0.0061	      0.0094	     -0.0276	     -0.0152	      0.0831
1256	     48.9801	     95.1630	     51.3420	      0.0917	      0.0166	      0.0184	      0.0808	     -0.0387	      0.1581
1257	     48.9801	     95.1630	     51.3420	      0.1565	     -0.0045	      0.0239	      0.1474	     -0.0117	      0.1926
1258	     48.9801	     95.1630	     51.3420	      0.0424	      0.0016	      0.0020	      0.0704	      0.0375	      0.0498
1259	     48.9801	     95.1630	     51.3420	     -0.0411	      0.0412	      0.0153	     -0.0664	     -0.0707	      0.0270
12510	     48.9801	     95.1630	     51.3420	      0.0033	      0.0254	     -0.0008	      0.0254	      0.0102	      0.0590
12511	     48.9801	     95.1630	     51.3420	     -0.0242	      0.0382	      0.0156	     -0.0424	     -0.0688	      0.0428
12512	     48.9801	     95.1630	     51.3420	     -0.0124	      0.0314	      0.0057	     -0.0054	     -0.0208	      0.0477
1267	     48.9801	     65.7004	     16.7204	      0.4341	     -0.1822	     -0.1655	      0.0947	      0.2802	      0.6149
1268	     48.9801	     65.7004	     16.7204	      0.2089	     -0.0971	     -0.0722	      0.0222	      0.1396	      0.3218
1269	     48.9801	     65.7004	     16.7204	     -0.0469	      0.0914	      0.0439	      0.0320	     -0.0922	     -0.0375
12610	     48.9801	     65.7004	     16.7204	      0.0018	      0.0566	     -0.0015	      0.0166	     -0.0140	      0.0321
12611	     48.9801	     65.7004	     16.7204	     -0.0197	      0.0773	      0.0345	      0.0378	     -0.0753	      0.0001
12612	     48.9801	     65.7004	     16.7204	     -0.0100	      0.0629	      0.0031	      0.0153	     -0.0222	      0.0156
1278	     48.9801	     24.4279	     26.9142	      0.4351	     -0.1653	      0.0582	      0.2941	      0.0079	      0.6161
1279	     48.9801	     24.4279	     26.9142	     -0.0220	      0.0694	      0.0618	      0.0891	     -0.0900	     -0.0515
12710	     48.9801	     24.4279	     26.9142	      0.0228	      0.0300	      0.0013	      0.0586	      0.0041	      0.0230
12711	     48.9801	     24.4279	     26.9142	     -0.0025	      0.0574	      0.0469	      0.0858	     -0.0661	     -0.0222
12712	     48.9801	     24.4279	     26.9142	     -0.0021	      0.0445	      0.0092	      0.0505	     -0.0132	     -0.0133
1289	     48.9801	     11.0329	     46.9599	     -0.0031	     -0.0091	      0.0799	      0.1351	     -0.0743	      0.0274
12810	     48.9801	     11.0329	     46.9599	      0.0205	     -0.0468	     -0.0080	      0.0379	      0.0628	      0.0865
12811	     48.9801	     11.0329	     46.9599	     -0.0030	     -0.0118	      0.0608	      0.1150	     -0.0451	      0.0288
12812	     48.9801	     11.0329	     46.9599	     -0.0054	     -0.0228	      0.0245	      0.0697	      0.0119	      0.0367
12910	     48.9801	     73.8430	    109.7700	     -0.0320	      0.0844	      0.0049	     -0.0670	     -0.0519	      0.0006
12911	     48.9801	     73.8430	    109.7700	     -0.0280	      0.0547	      0.0465	      0.0403	     -0.0707	      0.0081
12912	     48.9801	     73.8430	    109.7700	     -0.0172	      0.0196	      0.0108	     -0.0527	     -0.0435	      0.0530
121011	     48.9801	     70.3622	    119.3423	     -0.0124	      0.1074	      0.0166	      0.0147	     -0.0626	     -0.0083
121012	     48.9801	     70.3622	    119.3423	     -0.0093	      0.0654	      0.0019	      0.0039	     -0.0190	      0.0249
121112	     48.9801	     87.2380	    123.1650	     -0.0141	      0.0523	      0.0068	     -0.0190	     -0.0496	      0.0293
1345	     98.3952	     20.2322	     81.8303	     -0.0027	     -0.0224	     -0.1194	      0.5119	      0.2064	     -0.0729
1346	     98.3952	     20.2322	     81.8303	     -0.0583	     -0.0475	     -0.0261	      0.1049	      0.0449	     -0.0788
1347	     98.3952	     20.2322	     81.8303	     -0.0689	     -0.0532	     -0.0176	      0.0858	      0.0723	     -0.0915
1348	     98.3952	     20.2322	     81.8303	     -0.0671	     -0.0447	     -0.0040	      0.0200	      0.0504	     -0.0600
1349	     98.3952	     20.2322	     81.8303	     -0.0299	     -0.0071	      0.0289	     -0.1624	     -0.0065	      0.0526
13410	     98.3952	     20.2322	     81.8303	     -0.0111	     -0.0002	     -0.0015	     -0.0368	      0.0417	      0.0581
13411	     98.3952	     20.2322	     81.8303	     -0.0285	     -0.0064	      0.0338	     -0.1855	     -0.0140	      0.0568
13412	     98.3952	     20.2322	     81.8303	     -0.0130	     -0.0029	      0.0152	     -0.1085	      0.0080	      0.0556
1356	     98.3952	     52.2123	     51.3420	     -0.0087	      0.0121	     -0.0376	      0.1254	      0.0563	      0.0037
1357	     98.3952	     52.2123	     51.3420	     -0.0093	     -0.0037	     -0.0341	      0.1228	      0.0938	     -0.0465
1358	     98.3952	     52.2123	     51.3420	     -0.0127	     -0.0045	     -0.0153	      0.0379	      0.0717	     -0.0440
1359	     98.3952	     52.2123	     51.3420	     -0.0199	      0.0188	      0.0271	     -0.1684	      0.0074	      0.0371
13510	     98.3952	     52.2123	     51.3420	     -0.0086	      0.0231	     -0.0011	     -0.0388	      0.0391	      0.0519
13511	     98.3952	     52.2123	     51.3420	     -0.0184	      0.0233	      0.0321	     -0.1914	     -0.0026	      0.0523
13512	     98.3952	     52.2123	     51.3420	     -0.0118	      0.0243	      0.0133	     -0.1031	      0.0204	      0.0559
1367	     98.3952	     81.6749	     16.7204	     -0.0624	     -0.0493	     -0.0163	      0.0257	      0.0333	     -0.0814
1368	     98.3952	     81.6749	     16.7204	     -0.0512	     -0.0360	     -0.0114	     -0.0068	      0.0276	     -0.0561
1369	     98.3952	     81.6749	     16.7204	     -0.0151	      0.0075	      0.0200	     -0.1843	     -0.0089	      0.0273
13610	     98.3952	     81.6749	     16.7204	      0.0020	      0.0207	     -0.0126	     -0.0447	      0.0188	      0.0371
13611	     98.3952	     81.6749	     16.7204	     -0.0123	      0.0113	      0.0256	     -0.2111	     -0.0160	      0.0355
13612	     98.3952	     81.6749	     16.7204	     -0.0058	      0.0163	      0.0093	     -0.1390	     -0.0003	      0.0374
1378	     98.3952	    122.9474	     26.9142	     -0.0715	     -0.0507	     -0.0093	      0.0042	      0.0333	     -0.0697
1379	     98.3952	    122.9474	     26.9142	     -0.0118	     -0.0003	      0.0046	     -0.1303	     -0.0666	      0.0091
13710	     98.3952	    122.9474	     26.9142	      0.0144	      0.0139	     -0.0206	     -0.0150	      0.0049	      0.0089
13711	     98.3952	    122.9474	     26.9142	     -0.0087	      0.0009	      0.0041	     -0.1243	     -0.0691	      0.0108
13712	     98.3952	    122.9474	     26.9142	     -0.0019	      0.0042	     -0.0012	     -0.0842	     -0.0433	      0.0062
1389	     98.3952	    138.9530	     46.9599	     -0.0130	     -0.0067	      0.0002	     -0.0957	     -0.0645	     -0.0001
13810	     98.3952	    138.9530	     46.9599	      0.0128	      0.0045	     -0.0181	     -0.0189	      0.0183	     -0.0021
13811	     98.3952	    138.9530	     46.9599	     -0.0104	     -0.0072	     -0.0010	     -0.0817	     -0.0641	     -0.0007
13812	     98.3952	    138.9530	     46.9599	     -0.0016	     -0.0031	     -0.0019	     -0.0530	     -0.0348	     -0.0068
13910	     98.3952	    189.1451	    109.7700	     -0.0231	      0.0158	      0.0095	     -0.1494	      0.0152	      0.0507
13911	     98.3952	    189.1451	    109.7700	     -0.0240	      0.0081	      0.0209	     -0.1943	     -0.0235	      0.0509
13912	     98.3952	    189.1451	    109.7700	     -0.0115	      0.0103	      0.0124	     -0.1736	     -0.0128	      0.0453
131011	     98.3952	    217.7375	    119.3423	     -0.0192	      0.0206	      0.0063	     -0.1280	     -0.0039	      0.0557
131012	     98.3952	    217.7375	    119.3423	     -0.0121	      0.0236	      0.0037	     -0.0934	      0.0129	      0.0569
131112	     98.3952	    203.1616	    123.1650	     -0.0119	      0.0143	      0.0116	     -0.1749	     -0.0234	      0.0529
1456	     81.8303	     35.6473	     51.3420	      0.0349	      0.0047	     -0.0020	      0.0189	      0.0242	      0.0797
1457	     81.8303	     35.6473	     51.3420	      0.0263	     -0.0149	     -0.0325	      0.1465	      0.1063	      0.0006
1458	     81.8303	     35.6473	     51.3420	      0.0215	     -0.0144	     -0.0108	      0.0554	      0.0747	      0.0027
1459	     81.8303	     35.6473	     51.3420	      0.0009	     -0.0005	      0.0346	     -0.1437	      0.0036	      0.0377
14510	     81.8303	     35.6473	     51.3420	      0.0182	     -0.0001	     -0.0029	      0.0219	      0.0464	      0.0524
14511	     81.8303	     35.6473	     51.3420	     -0.0001	      0.0020	      0.0380	     -0.1580	     -0.0050	      0.0444
14512	     81.8303	     35.6473	     51.3420	     -0.0018	      0.0011	      0.0189	     -0.0799	      0.0246	      0.0399
1467	     81.8303	     65.1099	     16.7204	     -0.0617	     -0.0494	     -0.0012	      0.0303	      0.0108	     -0.0800
1468	     81.8303	     65.1099	     16.7204	     -0.0375	     -0.0386	     -0.0003	      0.0115	      0.0099	     -0.0382
1469	     81.8303	     65.1099	     16.7204	     -0.0024	     -0.0186	      0.0304	     -0.1375	     -0.0233	      0.0374
14610	     81.8303	     65.1099	     16.7204	      0.0213	     -0.0146	     -0.0131	      0.0291	      0.0206	      0.0523
14611	     81.8303	     65.1099	     16.7204	     -0.0045	     -0.0190	      0.0335	     -0.1478	     -0.0274	      0.0358
14612	     81.8303	     65.1099	     16.7204	     -0.0020	     -0.0202	      0.0157	     -0.0756	     -0.0083	      0.0307
1478	     81.8303	    106.3825	     26.9142	     -0.0737	     -0.0483	      0.0036	      0.0203	      0.0164	     -0.0748
1479	     81.8303	    106.3825	     26.9142	     -0.0009	     -0.0245	      0.0203	     -0.0848	     -0.0715	      0.0268
14710	     81.8303	    106.3825	     26.9142	      0.0292	     -0.0212	     -0.0152	      0.0392	      0.0241	      0.0333
14711	     81.8303	    106.3825	     26.9142	     -0.0028	     -0.0260	      0.0187	     -0.0739	     -0.0682	      0.0220
14712	     81.8303	    106.3825	     26.9142	     -0.0004	     -0.0269	      0.0093	     -0.0332	     -0.0359	      0.0145
1489	     81.8303	    122.3880	     46.9599	     -0.0027	     -0.0267	      0.0153	     -0.0543	     -0.0737	      0.0234
14810	     81.8303	    122.3880	     46.9599	      0.0258	     -0.0236	     -0.0114	      0.0227	      0.0346	      0.0299
14811	     81.8303	    122.3880	     46.9599	     -0.0043	     -0.0283	      0.0131	     -0.0400	     -0.0678	      0.0187
14812	     81.8303	    122.3880	     46.9599	     -0.0013	     -0.0282	      0.0079	     -0.0165	     -0.0331	      0.0136
14910	     81.8303	    172.5801	    109.7700	     -0.0145	     -0.0082	      0.0193	     -0.1050	      0.0239	      0.0640
14911	     81.8303	    172.5801	    109.7700	     -0.0148	     -0.0156	      0.0322	     -0.1398	     -0.0288	      0.0557
14912	     81.8303	    172.5801	    109.7700	     -0.0072	     -0.0174	      0.0223	     -0.1216	     -0.0101	      0.0525
141011	     81.8303	    201.1726	    119.3423	     -0.0120	     -0.0072	      0.0150	     -0.0741	      0.0033	      0.0665
141012	     81.8303	    201.1726	    119.3423	     -0.0098	     -0.0065	      0.0116	     -0.0493	      0.0230	      0.0700
141112	     81.8303	    186.5966	    123.1650	     -0.0075	     -0.0177	      0.0204	     -0.1052	     -0.0224	      0.0506
1567	     51.3420	     47.8612	     16.7204	     -0.4455	      0.0397	     -0.1144	     -0.0945	      0.1708	     -0.6078
1568	     51.3420	     47.8612	     16.7204	     -0.3077	      0.0333	     -0.0640	     -0.1431	      0.1020	     -0.4110
1569	     51.3420	     47.8612	     16.7204	     -0.0214	      0.0253	      0.0283	     -0.1183	     -0.0347	      0.0119
15610	     51.3420	     47.8612	     16.7204	      0.0172	      0.0184	     -0.0037	      0.0652	     -0.0045	      0.0474
15611	     51.3420	     47.8612	     16.7204	     -0.0125	      0.0250	      0.0305	     -0.1138	     -0.0394	      0.0242
15612	     51.3420	     47.8612	     16.7204	     -0.0062	      0.0218	      0.0095	     -0.0194	     -0.0168	      0.0226
1578	     51.3420	     78.2562	     26.9142	     -0.3875	      0.0437	     -0.0724	     -0.1725	      0.0798	     -0.5095
1579	     51.3420	     78.2562	     26.9142	     -0.0042	      0.0148	      0.0258	     -0.0474	     -0.0817	     -0.0114
15710	     51.3420	     78.2562	     26.9142	      0.0370	      0.0006	     -0.0017	      0.0912	      0.0145	      0.0215
15711	     51.3420	     78.2562	     26.9142	      0.0031	      0.0130	      0.0233	     -0.0267	     -0.0736	     -0.0055
15712	     51.3420	     78.2562	     26.9142	      0.0022	      0.0088	      0.0086	      0.0207	     -0.0289	     -0.0146
1589	     51.3420	     98.3020	     46.9599	      0.0044	      0.0074	      0.0242	     -0.0135	     -0.0857	     -0.0207
15810	     51.3420	     98.3020	     46.9599	      0.0360	     -0.0046	      0.0018	      0.0681	      0.0281	      0.0134
15811	     51.3420	     98.3020	     46.9599	      0.0097	      0.0055	      0.0210	      0.0054	     -0.0734	     -0.0169
15812	     51.3420	     98.3020	     46.9599	      0.0048	      0.0026	      0.0098	      0.0254	     -0.0238	     -0.0247
15910	     51.3420	    161.1121	    109.7700	     -0.0387	      0.0399	      0.0161	     -0.1407	      0.0140	      0.0470
15911	     51.3420	    161.1121	    109.7700	     -0.0243	      0.0295	      0.0282	     -0.1249	     -0.0383	      0.0296
15912	     51.3420	    161.1121	    109.7700	     -0.0107	      0.0204	      0.0198	     -0.1023	     -0.0070	      0.0302
151011	     51.3420	    165.5253	    119.3423	     -0.0260	      0.0402	      0.0139	     -0.0846	     -0.0153	      0.0545
151012	     51.3420	    165.5253	    119.3423	     -0.0120	      0.0319	      0.0070	     -0.0287	      0.0026	      0.0536
151112	     51.3420	    174.5070	    123.1650	     -0.0109	      0.0252	      0.0156	     -0.0662	     -0.0273	      0.0350
1678	     16.7204	     41.2725	     26.9142	     -0.7317	      0.1531	      0.0309	     -0.1185	     -0.0691	     -1.0085
1679	     16.7204	     41.2725	     26.9142	      0.0199	     -0.0504	      0.0643	      0.0634	     -0.0913	      0.0309
16710	     16.7204	     41.2725	     26.9142	      0.0411	     -0.0781	     -0.0239	      0.0462	      0.0486	      0.0630
16711	     16.7204	     41.2725	     26.9142	      0.0103	     -0.0524	      0.0500	      0.0583	     -0.0687	      0.0180
16712	     16.7204	     41.2725	     26.9142	      0.0035	     -0.0566	      0.0222	      0.0506	     -0.0252	      0.0089
1689	     16.7204	     57.2781	     46.9599	      0.0141	     -0.0375	      0.0689	      0.1110	     -0.1072	      0.0227
16810	     16.7204	     57.2781	     46.9599	      0.0288	     -0.0602	     -0.0230	     -0.0018	      0.0506	      0.0573
16811	     16.7204	     57.2781	     46.9599	      0.0072	     -0.0398	      0.0498	      0.0864	     -0.0745	      0.0159
16812	     16.7204	     57.2781	     46.9599	      0.0015	     -0.0439	      0.0202	      0.0477	     -0.0241	      0.0122
16910	     16.7204	    113.2509	    109.7700	     -0.0582	      0.1115	     -0.0059	     -0.2735	      0.0165	     -0.0127
16911	     16.7204	    113.2509	    109.7700	     -0.0128	      0.0182	      0.0381	     -0.0569	     -0.0521	      0.0151
16912	     16.7204	    113.2509	    109.7700	     -0.0034	     -0.0143	      0.0164	     -0.1996	      0.0030	      0.0417
161011	     16.7204	    136.0626	    119.3423	     -0.0432	      0.1809	      0.0164	     -0.0705	     -0.0603	     -0.0066
161012	     16.7204	    136.0626	    119.3423	     -0.0124	      0.0848	     -0.0002	     -0.0302	     -0.0171	      0.0219
161112	     16.7204	    126.6458	    123.1650	     -0.0040	     -0.0093	      0.0176	     -0.1800	     -0.0089	      0.0385
1789	     26.9142	     20.0458	     46.9599	      0.0212	     -0.0532	      0.0900	      0.1616	     -0.0887	      0.0325
17810	     26.9142	     20.0458	     46.9599	      0.0339	     -0.0804	     -0.0187	      0.0314	      0.0597	      0.0751
17811	     26.9142	     20.0458	     46.9599	      0.0094	     -0.0558	      0.0655	      0.1291	     -0.0559	      0.0221
17812	     26.9142	     20.0458	     46.9599	      0.0012	     -0.0627	      0.0282	      0.0786	     -0.0070	      0.0205
17910	     26.9142	     82.8559	    109.7700	     -0.0079	      0.0507	     -0.0007	     -0.0864	     -0.0471	     -0.0188
17911	     26.9142	     82.8559	    109.7700	      0.0143	     -0.0600	      0.0672	      0.0853	     -0.0673	      0.0339
17912	     26.9142	     82.8559	    109.7700	      0.0011	     -0.0549	      0.0188	     -0.0740	     -0.0527	      0.0458
171011	     26.9142	     94.7901	    119.3423	      0.0087	      0.0810	      0.0187	      0.0391	     -0.0557	     -0.0326
171012	     26.9142	     94.7901	    119.3423	      0.0041	      0.0400	      0.0039	      0.0186	     -0.0182	     -0.0097
171112	     26.9142	     96.2508	    123.1650	      0.0027	     -0.1257	      0.0365	      0.0031	     -0.0356	      0.0645
18910	     46.9599	     62.8101	    109.7700	      0.0096	     -0.0137	      0.0081	     -0.0284	     -0.0216	      0.0231
18911	     46.9599	     62.8101	    109.7700	      0.0088	     -0.0473	      0.0702	      0.1224	     -0.0734	      0.0319
18912	     46.9599	     62.8101	    109.7700	     -0.0011	     -0.0564	      0.0219	     -0.0213	     -0.0518	      0.0510
181011	     46.9599	     78.7846	    119.3423	      0.0177	     -0.0017	      0.0215	      0.0530	     -0.0231	      0.0099
181012	     46.9599	     78.7846	    119.3423	      0.0060	     -0.0142	      0.0147	      0.0439	      0.0115	      0.0183
181112	     46.9599	     76.2050	    123.1650	     -0.0018	     -0.0678	      0.0282	      0.0304	     -0.0406	      0.0472
191011	    109.7700	     28.5924	    119.3423	     -0.0528	      0.1107	     -0.0025	     -0.2317	     -0.0226	      0.0101
191012	    109.7700	     28.5924	    119.3423	     -0.0161	      0.0461	      0.0043	     -0.1521	     -0.0007	      0.0278
191112	    109.7700	     14.0165	    123.1650	     -0.0083	     -0.0481	      0.0187	     -0.2395	     -0.0063	      0.0833
1101112	    119.3423	     21.0403	    123.1650	     -0.0177	      0.0963	     -0.0020	     -0.0876	     -0.0388	      0.0175
2345	    147.3753	     20.2322	    130.8103	     -0.0055	      0.0007	     -0.0195	      0.0736	      0.1918	      0.0229
2346	    147.3753	     20.2322	    130.8103	     -0.0227	     -0.0058	     -0.0096	      0.0058	      0.0418	      0.0369
2347	    147.3753	     20.2322	    130.8103	     -0.0358	     -0.0215	     -0.0153	      0.0663	      0.1185	     -0.0145
2348	    147.3753	     20.2322	    130.8103	     -0.0644	     -0.0349	     -0.0112	      0.1268	      0.3138	     -0.0594
2349	    147.3753	     20.2322	    130.8103	     -0.0675	     -0.0023	      0.0112	     -0.0857	     -0.0875	      0.1184
23410	    147.3753	     20.2322	    130.8103	     -0.0271	      0.0046	     -0.0037	     -0.0154	      0.0350	      0.0960
23411	    147.3753	     20.2322	    130.8103	     -0.0596	     -0.0004	      0.0086	     -0.0786	     -0.0881	      0.1203
23412	    147.3753	     20.2322	    130.8103	     -0.0281	      0.0063	      0.0010	     -0.0485	     -0.0439	      0.1123
2356	    147.3753	     52.2123	     95.1630	     -0.0075	      0.0212	     -0.0137	      0.0156	      0.0462	      0.0370
2357	    147.3753	     52.2123	     95.1630	     -0.0026	      0.0054	     -0.0230	      0.0767	      0.1176	     -0.0151
2358	    147.3753	     52.2123	     95.1630	     -0.0057	     -0.0037	     -0.0211	      0.0784	      0.1948	     -0.0354
2359	    147.3753	     52.2123	     95.1630	     -0.0288	      0.0271	      0.0078	     -0.0825	     -0.0468	      0.0559
23510	    147.3753	     52.2123	     95.1630	     -0.0096	      0.0254	     -0.0063	     -0.0090	      0.0367	      0.0624
23511	    147.3753	     52.2123	     95.1630	     -0.0244	      0.0309	      0.0051	     -0.0684	     -0.0563	      0.0676
23512	    147.3753	     52.2123	     95.1630	     -0.0163	      0.0300	      0.0012	     -0.0388	     -0.0104	      0.0705
2367	    147.3753	     81.6749	     65.7004	      0.0325	      0.0330	     -0.0305	      0.0133	      0.0250	      0.0263
2368	    147.3753	     81.6749	     65.7004	     -0.0059	      0.0028	     -0.0203	      0.0025	      0.0433	     -0.0045
2369	    147.3753	     81.6749	     65.7004	     -0.0226	      0.0145	      0.0033	     -0.0947	     -0.0440	      0.0443
23610	    147.3753	     81.6749	     65.7004	      0.0043	      0.0265	     -0.0182	     -0.0186	      0.0086	      0.0467
23611	    147.3753	     81.6749	     65.7004	     -0.0154	      0.0198	      0.0003	     -0.0801	     -0.0499	      0.0489
23612	    147.3753	     81.6749	     65.7004	     -0.0096	      0.0239	     -0.0027	     -0.0553	     -0.0232	      0.0500
2378	    147.3753	    122.9474	     24.4279	      0.0733	      0.0409	     -0.0360	      0.0677	      0.1078	     -0.0284
2379	    147.3753	    122.9474	     24.4279	     -0.0181	      0.0095	     -0.0102	     -0.1182	     -0.1235	      0.0398
23710	    147.3753	    122.9474	     24.4279	      0.0213	      0.0260	     -0.0250	     -0.0143	     -0.0098	      0.0155
23711	    147.3753	    122.9474	     24.4279	     -0.0096	      0.0151	     -0.0125	     -0.1098	     -0.1213	      0.0400
23712	    147.3753	    122.9474	     24.4279	     -0.0053	      0.0173	     -0.0127	     -0.0862	     -0.0923	      0.0361
2389	    147.3753	    138.9530	     11.0329	     -0.0235	     -0.0003	     -0.0136	     -0.1057	     -0.1410	      0.0390
23810	    147.3753	    138.9530	     11.0329	      0.0211	      0.0165	     -0.0208	     -0.0096	      0.0171	      0.0012
23811	    147.3753	    138.9530	     11.0329	     -0.0156	      0.0032	     -0.0150	     -0.0952	     -0.1315	      0.0358
23812	    147.3753	    138.9530	     11.0329	     -0.0055	      0.0078	     -0.0127	     -0.0693	     -0.0914	      0.0256
23910	    147.3753	    189.1451	     73.8430	     -0.0423	      0.0169	     -0.0103	     -0.0966	     -0.0639	      0.1015
23911	    147.3753	    189.1451	     73.8430	     -0.0603	      0.0063	     -0.0095	     -0.1217	     -0.1433	      0.1224
23912	    147.3753	    189.1451	     73.8430	     -0.0279	      0.0149	     -0.0156	     -0.1137	     -0.1385	      0.0975
231011	    147.3753	    217.7375	     70.3622	     -0.0345	      0.0228	     -0.0155	     -0.0792	     -0.0812	      0.1019
231012	    147.3753	    217.7375	     70.3622	     -0.0214	      0.0270	     -0.0102	     -0.0538	     -0.0453	      0.0933
231112	    147.3753	    203.1616	     87.2380	     -0.0276	      0.0201	     -0.0176	     -0.1075	     -0.1415	      0.1045
2456	    130.8103	     35.6473	     95.1630	      0.0393	      0.0084	     -0.0080	      0.0422	      0.0403	      0.0966
2457	    130.8103	     35.6473	     95.1630	      0.0412	     -0.0114	     -0.0303	      0.1324	      0.1864	      0.0257
2458	    130.8103	     35.6473	     95.1630	      0.0293	     -0.0241	     -0.0393	      0.1483	      0.3770	     -0.0174
2459	    130.8103	     35.6473	     95.1630	     -0.0129	      0.0109	      0.0171	     -0.0588	     -0.0509	      0.0651
24510	    130.8103	     35.6473	     95.1630	      0.0131	      0.0045	     -0.0032	      0.0246	      0.0636	      0.0685
24511	    130.8103	     35.6473	     95.1630	     -0.0103	      0.0131	      0.0143	     -0.0443	     -0.0550	      0.0730
24512	    130.8103	     35.6473	     95.1630	     -0.0099	      0.0118	      0.0082	     -0.0217	      0.0024	      0.0728
2467	    130.8103	     65.1099	     65.7004	      0.1113	      0.0061	     -0.0306	      0.0465	      0.0269	      0.1318
2468	    130.8103	     65.1099	     65.7004	      0.0524	     -0.0109	     -0.0175	      0.0266	      0.0357	      0.0700
2469	    130.8103	     65.1099	     65.7004	     -0.0183	     -0.0083	      0.0180	     -0.0584	     -0.0567	      0.0658
24610	    130.8103	     65.1099	     65.7004	      0.0143	     -0.0059	     -0.0107	      0.0209	      0.0223	      0.0742
24611	    130.8103	     65.1099	     65.7004	     -0.0158	     -0.0075	      0.0152	     -0.0449	     -0.0561	      0.0670
24612	    130.8103	     65.1099	     65.7004	     -0.0104	     -0.0067	      0.0076	     -0.0214	     -0.0225	      0.0675
2478	    130.8103	    106.3825	     24.4279	      0.1668	      0.0053	     -0.0443	      0.0806	      0.1087	      0.1092
2479	    130.8103	    106.3825	     24.4279	     -0.0159	     -0.0144	      0.0135	     -0.0626	     -0.1078	      0.0636
24710	    130.8103	    106.3825	     24.4279	      0.0244	     -0.0123	     -0.0130	      0.0312	      0.0285	      0.0535
24711	    130.8103	    106.3825	     24.4279	     -0.0140	     -0.0141	      0.0112	     -0.0521	     -0.0964	      0.0616
24712	    130.8103	    106.3825	     24.4279	     -0.0080	     -0.0141	      0.0048	     -0.0240	     -0.0511	      0.0557
2489	    130.8103	    122.3880	     11.0329	     -0.0199	     -0.0190	      0.0109	     -0.0472	     -0.1229	      0.0640
24810	    130.8103	    122.3880	     11.0329	      0.0216	     -0.0168	     -0.0099	      0.0269	      0.0523	      0.0467
24811	    130.8103	    122.3880	     11.0329	     -0.0178	     -0.0192	      0.0088	     -0.0365	     -0.1039	      0.0603
24812	    130.8103	    122.3880	     11.0329	     -0.0090	     -0.0184	      0.0047	     -0.0135	     -0.0487	      0.0533
24910	    130.8103	    172.5801	     73.8430	     -0.0396	     -0.0002	      0.0111	     -0.0493	     -0.0254	      0.1185
24911	    130.8103	    172.5801	     73.8430	     -0.0552	     -0.0050	      0.0168	     -0.0587	     -0.1088	      0.1242
24912	    130.8103	    172.5801	     73.8430	     -0.0271	     -0.0074	      0.0077	     -0.0516	     -0.0832	      0.1118
241011	    130.8103	    201.1726	     70.3622	     -0.0354	      0.0015	      0.0070	     -0.0293	     -0.0391	      0.1223
241012	    130.8103	    201.1726	     70.3622	     -0.0240	      0.0013	      0.0058	     -0.0095	     -0.0055	      0.1200
241112	    130.8103	    186.5966	     87.2380	     -0.0276	     -0.0050	      0.0058	     -0.0382	     -0.0847	      0.1153
2567	     95.1630	     47.8612	     65.7004	      0.1347	      0.0031	      0.0295	      0.1022	     -0.0643	      0.1701
2568	     95.1630	     47.8612	     65.7004	      0.0535	      0.0038	      0.0100	      0.0603	     -0.0120	      0.0595
2569	     95.1630	     47.8612	     65.7004	     -0.0313	      0.0377	      0.0167	     -0.0492	     -0.0764	      0.0194
25610	     95.1630	     47.8612	     65.7004	      0.0066	      0.0257	     -0.0014	      0.0300	     -0.0004	      0.0540
25611	     95.1630	     47.8612	     65.7004	     -0.0171	      0.0356	      0.0156	     -0.0258	     -0.0744	      0.0341
25612	     95.1630	     47.8612	     65.7004	     -0.0102	      0.0306	      0.0049	      0.0015	     -0.0285	      0.0381
2578	     95.1630	     78.2562	     24.4279	      0.4437	     -0.0639	      0.0622	      0.3710	      0.0692	      0.4504
2579	     95.1630	     78.2562	     24.4279	     -0.0201	      0.0311	      0.0173	     -0.0409	     -0.1134	      0.0023
25710	     95.1630	     78.2562	     24.4279	      0.0294	      0.0092	      0.0000	      0.0644	      0.0234	      0.0307
25711	     95.1630	     78.2562	     24.4279	     -0.0071	      0.0276	      0.0160	     -0.0209	     -0.0969	      0.0131
25712	     95.1630	     78.2562	     24.4279	     -0.0028	      0.0208	      0.0058	      0.0117	     -0.0346	      0.0082
2589	     95.1630	     98.3020	     11.0329	     -0.0094	      0.0221	      0.0179	     -0.0170	     -0.1178	     -0.0057
25810	     95.1630	     98.3020	     11.0329	      0.0351	     -0.0008	      0.0022	      0.0647	      0.0570	      0.0222
25811	     95.1630	     98.3020	     11.0329	      0.0008	      0.0187	      0.0160	      0.0003	     -0.0940	      0.0021
25812	     95.1630	     98.3020	     11.0329	      0.0008	      0.0127	      0.0077	      0.0201	     -0.0212	     -0.0042
25910	     95.1630	    161.1121	     73.8430	     -0.0393	      0.0463	      0.0054	     -0.0607	     -0.0522	      0.0592
25911	     95.1630	    161.1121	     73.8430	     -0.0435	      0.0476	      0.0107	     -0.0540	     -0.1178	      0.0469
25912	     95.1630	    161.1121	     73.8430	     -0.0193	      0.0334	      0.0074	     -0.0369	     -0.0665	      0.0462
251011	     95.1630	    165.5253	     70.3622	     -0.0291	      0.0469	      0.0037	     -0.0287	     -0.0642	      0.0687
251012	     95.1630	    165.5253	     70.3622	     -0.0159	      0.0373	      0.0021	     -0.0030	     -0.0209	      0.0677
251112	     95.1630	    174.5070	     87.2380	     -0.0194	      0.0380	      0.0042	     -0.0183	     -0.0747	      0.0560
2678	     65.7004	     41.2725	     24.4279	      0.3533	     -0.1214	     -0.0359	      0.1090	      0.0589	      0.4778
2679	     65.7004	     41.2725	     24.4279	     -0.0234	      0.0671	      0.0443	      0.0386	     -0.0992	     -0.0458
26710	     65.7004	     41.2725	     24.4279	      0.0197	      0.0360	     -0.0088	      0.0230	     -0.0087	      0.0134
26711	     65.7004	     41.2725	     24.4279	     -0.0036	      0.0579	      0.0332	      0.0405	     -0.0803	     -0.0196
26712	     65.7004	     41.2725	     24.4279	     -0.0014	      0.0493	      0.0035	      0.0221	     -0.0303	     -0.0163
2689	     65.7004	     57.2781	     11.0329	     -0.0058	      0.0102	      0.0542	      0.0729	     -0.0974	      0.0039
26810	     65.7004	     57.2781	     11.0329	      0.0231	     -0.0156	     -0.0151	      0.0136	      0.0318	      0.0457
26811	     65.7004	     57.2781	     11.0329	     -0.0003	      0.0074	      0.0405	      0.0636	     -0.0719	      0.0096
26812	     65.7004	     57.2781	     11.0329	     -0.0016	      0.0020	      0.0130	      0.0358	     -0.0181	      0.0086
26910	     65.7004	    113.2509	     73.8430	     -0.0269	      0.0881	      0.0097	     -0.0484	     -0.0515	     -0.0102
26911	     65.7004	    113.2509	     73.8430	     -0.0279	      0.0677	      0.0372	      0.0237	     -0.0847	     -0.0053
26912	     65.7004	    113.2509	     73.8430	     -0.0130	      0.0399	      0.0080	     -0.0414	     -0.0496	      0.0205
261011	     65.7004	    136.0626	     70.3622	     -0.0126	      0.1022	      0.0140	      0.0076	     -0.0645	     -0.0047
261012	     65.7004	    136.0626	     70.3622	     -0.0078	      0.0726	     -0.0007	     -0.0009	     -0.0270	      0.0145
261112	     65.7004	    126.6458	     87.2380	     -0.0113	      0.0626	      0.0047	     -0.0106	     -0.0553	      0.0128
2789	     24.4279	     20.0458	     11.0329	      0.0220	      0.0756	      0.1754	      0.4156	     -0.0030	     -0.1368
27810	     24.4279	     20.0458	     11.0329	      0.0801	      0.0445	      0.0763	      0.2949	      0.0910	     -0.0444
27811	     24.4279	     20.0458	     11.0329	      0.0374	      0.0698	      0.1257	      0.3461	      0.0364	     -0.1153
27812	     24.4279	     20.0458	     11.0329	      0.0140	      0.0475	      0.0337	      0.1726	      0.0831	     -0.0976
27910	     24.4279	     82.8559	     73.8430	     -0.0200	      0.1798	     -0.0622	     -0.2186	     -0.1778	     -0.1522
27911	     24.4279	     82.8559	     73.8430	      0.0015	      0.1205	      0.0480	      0.0857	     -0.0801	     -0.1192
27912	     24.4279	     82.8559	     73.8430	     -0.0004	      0.0987	     -0.0248	     -0.1109	     -0.1288	     -0.0703
271011	     24.4279	     94.7901	     70.3622	      0.0371	      0.2327	      0.0106	      0.0387	     -0.1186	     -0.2080
271012	     24.4279	     94.7901	     70.3622	      0.0139	      0.1731	     -0.0367	     -0.0905	     -0.1248	     -0.1366
271112	     24.4279	     96.2508	     87.2380	      0.0225	      0.2644	     -0.0624	     -0.1474	     -0.1787	     -0.2212
28910	     11.0329	     62.8101	     73.8430	      0.0098	      0.0728	     -0.0137	     -0.0633	     -0.0889	     -0.0720
28911	     11.0329	     62.8101	     73.8430	     -0.0015	     -0.0377	      0.1478	      0.3158	      0.0412	      0.0476
28912	     11.0329	     62.8101	     73.8430	     -0.0589	     -0.2478	      0.0336	     -0.0513	     -0.0950	      0.4269
281011	     11.0329	     78.7846	     70.3622	      0.0971	      0.1876	      0.1144	      0.3421	      0.0507	     -0.2622
281012	     11.0329	     78.7846	     70.3622	      0.0019	     -0.0225	      0.0393	      0.1202	      0.0920	      0.0463
281112	     11.0329	     76.2050	     87.2380	     -0.0419	     -0.1585	      0.0358	      0.0087	     -0.0488	      0.2528
291011	     73.8430	     28.5924	     70.3622	     -0.0643	      0.1104	     -0.1172	     -0.3493	     -0.2638	      0.0267
291012	     73.8430	     28.5924	     70.3622	     -0.0106	      0.1027	     -0.0281	     -0.1082	     -0.1223	     -0.0318
291112	     73.8430	     14.0165	     87.2380	     -0.0423	     -0.0563	     -0.0023	     -0.1121	     -0.1253	      0.1922
2101112	     70.3622	     21.0403	     87.2380	      0.0032	      0.1958	     -0.0605	     -0.1410	     -0.2112	     -0.1164
3456	     20.2322	     35.6473	     52.2123	     -0.0040	     -0.0006	      0.1754	     -0.7903	     -0.0212	      0.0215
3457	     20.2322	     35.6473	     52.2123	     -0.0009	     -0.0285	     -0.0481	      0.2067	      0.2099	     -0.0948
3458	     20.2322	     35.6473	     52.2123	     -0.0013	     -0.0230	     -0.0185	      0.0764	      0.1978	     -0.0720
3459	     20.2322	     35.6473	     52.2123	     -0.0008	     -0.0031	      0.0588	     -0.2660	      0.1566	      0.0102
34510	     20.2322	     35.6473	     52.2123	      0.0002	     -0.0080	      0.0321	     -0.1484	      0.1856	     -0.0096
34511	     20.2322	     35.6473	     52.2123	      0.0003	     -0.0037	      0.0800	     -0.3579	      0.1491	      0.0094
34512	     20.2322	     35.6473	     52.2123	      0.0056	     -0.0080	      0.0474	     -0.2145	      0.1631	     -0.0085
3467	     20.2322	     65.1099	     81.6749	     -0.0557	     -0.0506	     -0.0103	      0.0301	      0.0208	     -0.0900
3468	     20.2322	     65.1099	     81.6749	     -0.0484	     -0.0412	     -0.0051	      0.0023	      0.0191	     -0.0635
3469	     20.2322	     65.1099	     81.6749	     -0.0097	     -0.0112	      0.0308	     -0.1788	      0.0060	      0.0152
34610	     20.2322	     65.1099	     81.6749	      0.0017	     -0.0040	     -0.0048	     -0.0339	      0.0361	      0.0314
34611	     20.2322	     65.1099	     81.6749	     -0.0088	     -0.0121	      0.0389	     -0.2138	      0.0026	      0.0137
34612	     20.2322	     65.1099	     81.6749	     -0.0017	     -0.0123	      0.0174	     -0.1239	      0.0107	      0.0089
3478	     20.2322	    106.3825	    122.9474	     -0.0564	     -0.0450	     -0.0072	      0.0280	      0.0491	     -0.0729
3479	     20.2322	    106.3825	    122.9474	     -0.0056	     -0.0189	      0.0072	     -0.1091	     -0.1053	      0.0012
34710	     20.2322	    106.3825	    122.9474	      0.0194	     -0.0109	     -0.0159	      0.0035	      0.0173	     -0.0033
34711	     20.2322	    106.3825	    122.9474	     -0.0051	     -0.0206	      0.0059	     -0.1014	     -0.1014	     -0.0034
34712	     20.2322	    106.3825	    122.9474	      0.0023	     -0.0210	      0.0006	     -0.0705	     -0.0693	     -0.0158
3489	     20.2322	    122.3880	    138.9530	     -0.0064	     -0.0215	     -0.0010	     -0.0816	     -0.1367	     -0.0014
34810	     20.2322	    122.3880	    138.9530	      0.0205	     -0.0136	     -0.0120	     -0.0046	      0.0421	     -0.0149
34811	     20.2322	    122.3880	    138.9530	     -0.0056	     -0.0229	     -0.0024	     -0.0703	     -0.1226	     -0.0064
34812	     20.2322	    122.3880	    138.9530	      0.0023	     -0.0223	     -0.0035	     -0.0537	     -0.0831	     -0.0186
34910	     20.2322	    172.5801	    189.1451	     -0.1110	      0.0233	      0.0786	     -0.2493	      0.2583	      0.2011
34911	     20.2322	    172.5801	    189.1451	     -0.0799	      0.0135	      0.0564	     -0.2173	      0.0939	      0.1633
34912	     20.2322	    172.5801	    189.1451	     -0.0058	     -0.0004	      0.0575	     -0.2472	      0.1873	      0.0345
341011	     20.2322	    201.1726	    217.7375	     -0.1396	      0.0392	      0.0592	     -0.1873	      0.1300	      0.3020
341012	     20.2322	    201.1726	    217.7375	     -0.0280	      0.0113	      0.0325	     -0.1253	      0.1308	      0.1024
341112	     20.2322	    186.5966	    203.1616	     -0.0092	     -0.0062	      0.0234	     -0.1514	      0.0057	      0.0413
3567	     52.2123	     47.8612	     81.6749	     -0.0091	     -0.0027	     -0.0215	      0.0591	      0.0453	     -0.0470
3568	     52.2123	     47.8612	     81.6749	     -0.0108	     -0.0055	     -0.0117	      0.0161	      0.0448	     -0.0530
3569	     52.2123	     47.8612	     81.6749	     -0.0096	      0.0118	      0.0327	     -0.1873	      0.0241	      0.0102
35610	     52.2123	     47.8612	     81.6749	     -0.0033	      0.0190	      0.0001	     -0.0446	      0.0406	      0.0332
35611	     52.2123	     47.8612	     81.6749	     -0.0080	      0.0139	      0.0417	     -0.2274	      0.0196	      0.0191
35612	     52.2123	     47.8612	     81.6749	     -0.0045	      0.0152	      0.0172	     -0.1167	      0.0286	      0.0218
3578	     52.2123	     78.2562	    122.9474	     -0.0045	     -0.0109	     -0.0185	      0.0628	      0.0984	     -0.0754
3579	     52.2123	     78.2562	    122.9474	     -0.0013	      0.0067	      0.0135	     -0.0908	     -0.0618	     -0.0220
35710	     52.2123	     78.2562	    122.9474	      0.0143	      0.0067	     -0.0083	      0.0132	      0.0317	     -0.0093
35711	     52.2123	     78.2562	    122.9474	      0.0015	      0.0068	      0.0113	     -0.0770	     -0.0616	     -0.0201
35712	     52.2123	     78.2562	    122.9474	      0.0045	      0.0031	      0.0045	     -0.0349	     -0.0219	     -0.0317
3589	     52.2123	     98.3020	    138.9530	      0.0025	      0.0025	      0.0087	     -0.0626	     -0.0649	     -0.0370
35810	     52.2123	     98.3020	    138.9530	      0.0175	     -0.0003	     -0.0049	      0.0064	      0.0619	     -0.0271
35811	     52.2123	     98.3020	    138.9530	      0.0055	      0.0018	      0.0062	     -0.0463	     -0.0618	     -0.0371
35812	     52.2123	     98.3020	    138.9530	      0.0075	     -0.0016	      0.0041	     -0.0227	     -0.0131	     -0.0478
35910	     52.2123	    161.1121	    189.1451	     -0.0204	      0.0151	      0.0385	     -0.2077	      0.1348	      0.0303
35911	     52.2123	    161.1121	    189.1451	     -0.0102	      0.0123	      0.0486	     -0.2440	      0.0803	      0.0230
35912	     52.2123	    161.1121	    189.1451	     -0.0024	      0.0085	      0.0427	     -0.2217	      0.1232	      0.0163
351011	     52.2123	    165.5253	    217.7375	     -0.0242	      0.0255	      0.0276	     -0.1638	      0.0650	      0.0578
351012	     52.2123	    165.5253	    217.7375	     -0.0113	      0.0201	      0.0236	     -0.1277	      0.0983	      0.0463
351112	     52.2123	    174.5070	    203.1616	     -0.0065	      0.0149	      0.0351	     -0.1967	      0.0696	      0.0321
3678	     81.6749	     41.2725	    122.9474	     -0.0374	     -0.0316	     -0.0143	     -0.0110	      0.0088	     -0.0634
3679	     81.6749	     41.2725	    122.9474	     -0.0009	     -0.0003	      0.0044	     -0.1229	     -0.0638	     -0.0107
36710	     81.6749	     41.2725	    122.9474	      0.0200	      0.0129	     -0.0222	     -0.0174	     -0.0003	     -0.0031
36711	     81.6749	     41.2725	    122.9474	      0.0012	      0.0002	      0.0032	     -0.1131	     -0.0662	     -0.0096
36712	     81.6749	     41.2725	    122.9474	      0.0031	      0.0009	     -0.0012	     -0.0805	     -0.0442	     -0.0145
3689	     81.6749	     57.2781	    138.9530	     -0.0009	     -0.0051	     -0.0008	     -0.0918	     -0.0665	     -0.0195
36810	     81.6749	     57.2781	    138.9530	      0.0200	      0.0050	     -0.0200	     -0.0246	      0.0107	     -0.0156
36811	     81.6749	     57.2781	    138.9530	      0.0009	     -0.0058	     -0.0025	     -0.0769	     -0.0673	     -0.0197
36812	     81.6749	     57.2781	    138.9530	      0.0037	     -0.0045	     -0.0029	     -0.0560	     -0.0422	     -0.0252
36910	     81.6749	    113.2509	    189.1451	     -0.0070	      0.0149	      0.0118	     -0.1594	      0.0293	      0.0147
36911	     81.6749	    113.2509	    189.1451	     -0.0034	      0.0073	      0.0252	     -0.2094	     -0.0049	      0.0098
36912	     81.6749	    113.2509	    189.1451	      0.0006	      0.0072	      0.0166	     -0.1888	      0.0055	      0.0067
361011	     81.6749	    136.0626	    217.7375	     -0.0043	      0.0190	      0.0073	     -0.1307	      0.0041	      0.0218
361012	     81.6749	    136.0626	    217.7375	     -0.0032	      0.0206	      0.0057	     -0.1057	      0.0219	      0.0254
361112	     81.6749	    126.6458	    203.1616	      0.0005	      0.0087	      0.0162	     -0.1886	     -0.0069	      0.0111
3789	    122.9474	     20.0458	    138.9530	      0.0122	     -0.0012	     -0.0161	     -0.1302	     -0.1557	     -0.0282
37810	    122.9474	     20.0458	    138.9530	      0.0414	      0.0140	     -0.0272	     -0.0237	     -0.0150	     -0.0449
37811	    122.9474	     20.0458	    138.9530	      0.0149	     -0.0000	     -0.0169	     -0.1217	     -0.1473	     -0.0292
37812	    122.9474	     20.0458	    138.9530	      0.0094	     -0.0032	     -0.0155	     -0.1069	     -0.1277	     -0.0342
37910	    122.9474	     82.8559	    189.1451	      0.0169	      0.0132	     -0.0161	     -0.1052	     -0.0704	     -0.0216
37911	    122.9474	     82.8559	    189.1451	      0.0101	      0.0018	     -0.0104	     -0.1484	     -0.1389	     -0.0178
37912	    122.9474	     82.8559	    189.1451	      0.0077	      0.0004	     -0.0126	     -0.1444	     -0.1335	     -0.0191
371011	    122.9474	     94.7901	    217.7375	      0.0210	      0.0165	     -0.0196	     -0.0829	     -0.0788	     -0.0210
371012	    122.9474	     94.7901	    217.7375	      0.0097	      0.0144	     -0.0110	     -0.0712	     -0.0466	     -0.0141
371112	    122.9474	     96.2508	    203.1616	      0.0080	      0.0009	     -0.0130	     -0.1396	     -0.1328	     -0.0178
38910	    138.9530	     62.8101	    189.1451	      0.0309	      0.0114	     -0.0220	     -0.0925	     -0.0853	     -0.0488
38911	    138.9530	     62.8101	    189.1451	      0.0199	     -0.0005	     -0.0235	     -0.1262	     -0.1874	     -0.0379
38912	    138.9530	     62.8101	    189.1451	      0.0116	     -0.0035	     -0.0243	     -0.1269	     -0.1897	     -0.0334
381011	    138.9530	     78.7846	    217.7375	      0.0349	      0.0140	     -0.0252	     -0.0734	     -0.0927	     -0.0501
381012	    138.9530	     78.7846	    217.7375	      0.0156	      0.0090	     -0.0114	     -0.0601	     -0.0434	     -0.0358
381112	    138.9530	     76.2050	    203.1616	      0.0120	     -0.0035	     -0.0232	     -0.1185	     -0.1773	     -0.0338
391011	    189.1451	     28.5924	    217.7375	     -0.1961	      0.0306	      0.0674	     -0.2121	      0.1572	      0.4024
391012	    189.1451	     28.5924	    217.7375	      0.0071	      0.0127	      0.0533	     -0.2229	      0.1990	     -0.0266
391112	    189.1451	     14.0165	    203.1616	      0.0044	      0.0002	     -0.0237	     -0.1223	     -0.1830	     -0.0078
3101112	    217.7375	     21.0403	    203.1616	     -0.0208	      0.0249	     -0.0015	     -0.1044	     -0.0394	      0.0774
4567	     35.6473	     47.8612	     65.1099	      0.0277	     -0.0129	     -0.0114	      0.0614	      0.0318	      0.0039
4568	     35.6473	     47.8612	     65.1099	      0.0243	     -0.0152	     -0.0047	      0.0306	      0.0350	     -0.0051
4569	     35.6473	     47.8612	     65.1099	      0.0144	     -0.0091	      0.0399	     -0.1672	      0.0185	      0.0101
45610	     35.6473	     47.8612	     65.1099	      0.0246	     -0.0042	     -0.0036	      0.0226	      0.0369	      0.0359
45611	     35.6473	     47.8612	     65.1099	      0.0126	     -0.0083	      0.0476	     -0.2017	      0.0153	      0.0106
45612	     35.6473	     47.8612	     65.1099	      0.0066	     -0.0091	      0.0230	     -0.1001	      0.0298	      0.0024
4578	     35.6473	     78.2562	    106.3825	      0.0306	     -0.0223	     -0.0191	      0.0917	      0.1310	     -0.0300
4579	     35.6473	     78.2562	    106.3825	      0.0223	     -0.0130	      0.0228	     -0.0669	     -0.0734	     -0.0123
45710	     35.6473	     78.2562	    106.3825	      0.0419	     -0.0161	     -0.0078	      0.0567	      0.0490	      0.0002
45711	     35.6473	     78.2562	    106.3825	      0.0210	     -0.0135	      0.0198	     -0.0531	     -0.0678	     -0.0157
45712	     35.6473	     78.2562	    106.3825	      0.0123	     -0.0165	      0.0103	     -0.0171	     -0.0216	     -0.0325
4589	     35.6473	     98.3020	    122.3880	      0.0247	     -0.0146	      0.0174	     -0.0387	     -0.0856	     -0.0196
45810	     35.6473	     98.3020	    122.3880	      0.0415	     -0.0192	     -0.0033	      0.0352	      0.0809	     -0.0097
45811	     35.6473	     98.3020	    122.3880	      0.0234	     -0.0153	      0.0142	     -0.0245	     -0.0740	     -0.0232
45812	     35.6473	     98.3020	    122.3880	      0.0131	     -0.0174	      0.0093	     -0.0085	     -0.0161	     -0.0369
45910	     35.6473	    161.1121	    172.5801	      0.0046	     -0.0126	      0.0538	     -0.2483	      0.2185	     -0.0053
45911	     35.6473	    161.1121	    172.5801	      0.0272	     -0.0195	      0.0650	     -0.2736	      0.1312	     -0.0181
45912	     35.6473	    161.1121	    172.5801	      0.0146	     -0.0161	      0.0665	     -0.3086	      0.2384	     -0.0033
451011	     35.6473	    165.5253	    201.1726	      0.0043	     -0.0067	      0.0414	     -0.1790	      0.1190	      0.0090
451012	     35.6473	    165.5253	    201.1726	      0.0152	     -0.0214	      0.0498	     -0.2133	      0.2169	     -0.0353
451112	     35.6473	    174.5070	    186.5966	      0.0188	     -0.0212	      0.0580	     -0.2618	      0.1481	     -0.0280
4678	     65.1099	     41.2725	    106.3825	     -0.0134	     -0.0368	     -0.0027	      0.0067	     -0.0100	     -0.0309
4679	     65.1099	     41.2725	    106.3825	      0.0116	     -0.0277	      0.0186	     -0.0813	     -0.0770	      0.0099
46710	     65.1099	     41.2725	    106.3825	      0.0364	     -0.0234	     -0.0178	      0.0369	      0.0123	      0.0223
46711	     65.1099	     41.2725	    106.3825	      0.0080	     -0.0295	      0.0165	     -0.0681	     -0.0739	      0.0036
46712	     65.1099	     41.2725	    106.3825	      0.0050	     -0.0313	      0.0082	     -0.0340	     -0.0462	     -0.0059
4689	     65.1099	     57.2781	    122.3880	      0.0101	     -0.0287	      0.0133	     -0.0515	     -0.0849	      0.0084
46810	     65.1099	     57.2781	    122.3880	      0.0339	     -0.0248	     -0.0138	      0.0179	      0.0217	      0.0182
46811	     65.1099	     57.2781	    122.3880	      0.0068	     -0.0303	      0.0108	     -0.0368	     -0.0789	      0.0030
46812	     65.1099	     57.2781	    122.3880	      0.0040	     -0.0309	      0.0063	     -0.0187	     -0.0478	     -0.0043
46910	     65.1099	    113.2509	    172.5801	      0.0035	     -0.0140	      0.0184	     -0.1148	      0.0298	      0.0299
46911	     65.1099	    113.2509	    172.5801	      0.0082	     -0.0235	      0.0325	     -0.1536	     -0.0237	      0.0163
46912	     65.1099	    113.2509	    172.5801	      0.0052	     -0.0240	      0.0235	     -0.1354	     -0.0060	      0.0146
461011	     65.1099	    136.0626	    201.1726	      0.0051	     -0.0136	      0.0114	     -0.0688	     -0.0019	      0.0339
461012	     65.1099	    136.0626	    201.1726	     -0.0004	     -0.0116	      0.0112	     -0.0593	      0.0222	      0.0386
461112	     65.1099	    126.6458	    186.5966	      0.0053	     -0.0269	      0.0207	     -0.1127	     -0.0251	      0.0086
4789	    106.3825	     20.0458	    122.3880	      0.0161	     -0.0300	      0.0085	     -0.0666	     -0.1402	      0.0089
47810	    106.3825	     20.0458	    122.3880	      0.0441	     -0.0255	     -0.0159	      0.0262	      0.0237	      0.0040
47811	    106.3825	     20.0458	    122.3880	      0.0116	     -0.0311	      0.0068	     -0.0549	     -0.1220	      0.0027
47812	    106.3825	     20.0458	    122.3880	      0.0060	     -0.0324	      0.0029	     -0.0321	     -0.0812	     -0.0075
47910	    106.3825	     82.8559	    172.5801	      0.0199	     -0.0208	      0.0019	     -0.0510	     -0.0399	      0.0146
47911	    106.3825	     82.8559	    172.5801	      0.0136	     -0.0296	      0.0124	     -0.0832	     -0.1192	      0.0069
47912	    106.3825	     82.8559	    172.5801	      0.0072	     -0.0302	      0.0068	     -0.0742	     -0.1002	      0.0048
471011	    106.3825	     94.7901	    201.1726	      0.0206	     -0.0209	     -0.0020	     -0.0252	     -0.0471	      0.0132
471012	    106.3825	     94.7901	    201.1726	      0.0068	     -0.0190	      0.0025	     -0.0189	     -0.0169	      0.0182
471112	    106.3825	     96.2508	    186.5966	      0.0074	     -0.0321	      0.0056	     -0.0597	     -0.0983	     -0.0014
48910	    122.3880	     62.8101	    172.5801	      0.0228	     -0.0227	     -0.0006	     -0.0392	     -0.0443	      0.0110
48911	    122.3880	     62.8101	    172.5801	      0.0126	     -0.0309	      0.0048	     -0.0538	     -0.1550	      0.0083
48912	    122.3880	     62.8101	    172.5801	      0.0059	     -0.0313	      0.0009	     -0.0510	     -0.1326	      0.0074
481011	    122.3880	     78.7846	    201.1726	      0.0226	     -0.0227	     -0.0037	     -0.0183	     -0.0510	      0.0100
481012	    122.3880	     78.7846	    201.1726	      0.0072	     -0.0213	      0.0029	     -0.0127	     -0.0103	      0.0154
481112	    122.3880	     76.2050	    186.5966	      0.0059	     -0.0325	      0.0004	     -0.0383	     -0.1234	      0.0022
491011	    172.5801	     28.5924	    201.1726	     -0.1687	      0.0494	      0.0713	     -0.1979	      0.1582	      0.3248
491012	    172.5801	     28.5924	    201.1726	     -0.0059	     -0.0092	      0.0548	     -0.2197	      0.2019	      0.0330
491112	    172.5801	     14.0165	    186.5966	     -0.0001	     -0.0265	      0.0044	     -0.0626	     -0.1185	      0.0272
4101112	    201.1726	     21.0403	    186.5966	     -0.0342	      0.0056	      0.0094	     -0.0336	     -0.0278	      0.1371
5678	     47.8612	     41.2725	     78.2562	     -0.1680	      0.0175	     -0.0321	     -0.0615	      0.0308	     -0.2558
5679	     47.8612	     41.2725	     78.2562	      0.0061	      0.0089	      0.0278	     -0.0374	     -0.0899	     -0.0212
56710	     47.8612	     41.2725	     78.2562	      0.0366	      0.0010	     -0.0021	      0.0803	     -0.0010	      0.0146
56711	     47.8612	     41.2725	     78.2562	      0.0103	      0.0078	      0.0241	     -0.0190	     -0.0812	     -0.0173
56712	     47.8612	     41.2725	     78.2562	      0.0050	      0.0054	      0.0084	      0.0196	     -0.0394	     -0.0269
5689	     47.8612	     57.2781	     98.3020	      0.0128	      0.0035	      0.0257	     -0.0053	     -0.1016	     -0.0294
56810	     47.8612	     57.2781	     98.3020	      0.0362	     -0.0042	      0.0012	      0.0577	      0.0120	      0.0052
56811	     47.8612	     57.2781	     98.3020	      0.0155	      0.0022	      0.0215	      0.0097	     -0.0871	     -0.0268
56812	     47.8612	     57.2781	     98.3020	      0.0073	      0.0004	      0.0093	      0.0221	     -0.0377	     -0.0361
56910	     47.8612	    113.2509	    161.1121	     -0.0247	      0.0302	      0.0199	     -0.1418	      0.0288	      0.0252
56911	     47.8612	    113.2509	    161.1121	     -0.0048	      0.0158	      0.0328	     -0.1132	     -0.0373	      0.0026
56912	     47.8612	    113.2509	    161.1121	     -0.0022	      0.0120	      0.0229	     -0.1104	      0.0001	      0.0053
561011	     47.8612	    136.0626	    165.5253	     -0.0115	      0.0314	      0.0138	     -0.0558	     -0.0205	      0.0338
561012	     47.8612	    136.0626	    165.5253	     -0.0068	      0.0280	      0.0066	     -0.0209	     -0.0028	      0.0367
561112	     47.8612	    126.6458	    174.5070	     -0.0022	      0.0162	      0.0155	     -0.0444	     -0.0378	      0.0059
5789	     78.2562	     20.0458	     98.3020	      0.0182	      0.0041	      0.0258	     -0.0089	     -0.1294	     -0.0424
57810	     78.2562	     20.0458	     98.3020	      0.0531	     -0.0124	      0.0033	      0.0854	      0.0361	     -0.0097
57811	     78.2562	     20.0458	     98.3020	      0.0213	      0.0017	      0.0218	      0.0056	     -0.1038	     -0.0403
57812	     78.2562	     20.0458	     98.3020	      0.0117	     -0.0015	      0.0095	      0.0256	     -0.0416	     -0.0542
57910	     78.2562	     82.8559	    161.1121	      0.0136	      0.0114	      0.0141	     -0.0194	     -0.0406	     -0.0106
57911	     78.2562	     82.8559	    161.1121	      0.0151	      0.0059	      0.0258	     -0.0265	     -0.1071	     -0.0332
57912	     78.2562	     82.8559	    161.1121	      0.0077	      0.0057	      0.0139	     -0.0254	     -0.0709	     -0.0345
571011	     78.2562	     94.7901	    165.5253	      0.0203	      0.0103	      0.0109	      0.0179	     -0.0458	     -0.0095
571012	     78.2562	     94.7901	    165.5253	      0.0094	      0.0109	      0.0062	      0.0164	     -0.0137	     -0.0113
571112	     78.2562	     96.2508	    174.5070	      0.0095	      0.0047	      0.0116	      0.0016	     -0.0716	     -0.0366
58910	     98.3020	     62.8101	    161.1121	      0.0255	      0.0025	      0.0149	      0.0008	     -0.0356	     -0.0233
58911	     98.3020	     62.8101	    161.1121	      0.0228	      0.0018	      0.0235	      0.0053	     -0.1307	     -0.0467
58912	     98.3020	     62.8101	    161.1121	      0.0115	      0.0019	      0.0125	     -0.0067	     -0.0830	     -0.0477
581011	     98.3020	     78.7846	    165.5253	      0.0295	      0.0022	      0.0122	      0.0288	     -0.0398	     -0.0231
581012	     98.3020	     78.7846	    165.5253	      0.0147	      0.0027	      0.0090	      0.0175	      0.0023	     -0.0266
581112	     98.3020	     76.2050	    174.5070	      0.0133	      0.0005	      0.0111	      0.0139	     -0.0792	     -0.0495
591011	    161.1121	     28.5924	    165.5253	     -0.1048	      0.0842	      0.0159	     -0.2340	      0.0286	      0.1489
591012	    161.1121	     28.5924	    165.5253	     -0.0053	      0.0087	      0.0393	     -0.2020	      0.1403	      0.0172
591112	    161.1121	     14.0165	    174.5070	      0.0024	      0.0056	      0.0355	     -0.1683	      0.0452	      0.0014
5101112	    165.5253	     21.0403	    174.5070	     -0.0322	      0.0559	     -0.0046	      0.0029	     -0.0812	      0.0986
6789	     41.2725	     20.0458	     57.2781	      0.0197	     -0.0361	      0.0569	      0.0703	     -0.1102	      0.0112
67810	     41.2725	     20.0458	     57.2781	      0.0358	     -0.0519	     -0.0264	     -0.0013	      0.0322	      0.0359
67811	     41.2725	     20.0458	     57.2781	      0.0130	     -0.0368	      0.0416	      0.0563	     -0.0834	      0.0025
67812	     41.2725	     20.0458	     57.2781	      0.0054	     -0.0387	      0.0158	      0.0307	     -0.0395	     -0.0067
67910	     41.2725	     82.8559	    113.2509	      0.0008	      0.0414	      0.0019	     -0.0749	     -0.0432	     -0.0249
67911	     41.2725	     82.8559	    113.2509	      0.0158	     -0.0359	      0.0449	      0.0204	     -0.0880	      0.0074
67912	     41.2725	     82.8559	    113.2509	      0.0066	     -0.0303	      0.0143	     -0.0650	     -0.0622	      0.0052
671011	     41.2725	     94.7901	    136.0626	      0.0095	      0.0580	      0.0097	      0.0001	     -0.0553	     -0.0240
671012	     41.2725	     94.7901	    136.0626	      0.0058	      0.0404	      0.0001	     -0.0046	     -0.0273	     -0.0180
671112	     41.2725	     96.2508	    126.6458	      0.0079	     -0.0579	      0.0201	     -0.0146	     -0.0606	      0.0081
68910	     57.2781	     62.8101	    113.2509	      0.0159	     -0.0025	      0.0029	     -0.0409	     -0.0329	     -0.0043
68911	     57.2781	     62.8101	    113.2509	      0.0134	     -0.0320	      0.0472	      0.0627	     -0.1014	      0.0072
68912	     57.2781	     62.8101	    113.2509	      0.0058	     -0.0328	      0.0151	     -0.0250	     -0.0694	      0.0066
681011	     57.2781	     78.7846	    136.0626	      0.0203	      0.0033	      0.0089	      0.0136	     -0.0401	     -0.0064
681012	     57.2781	     78.7846	    136.0626	      0.0097	      0.0016	      0.0056	      0.0098	     -0.0121	     -0.0084
681112	     57.2781	     76.2050	    126.6458	      0.0053	     -0.0414	      0.0178	      0.0123	     -0.0656	      0.0065
691011	    113.2509	     28.5924	    136.0626	     -0.0427	      0.1144	      0.0122	     -0.2137	      0.0066	     -0.0142
691012	    113.2509	     28.5924	    136.0626	     -0.0082	      0.0510	      0.0075	     -0.1848	      0.0238	     -0.0051
691112	    113.2509	     14.0165	    126.6458	      0.0048	     -0.0175	      0.0191	     -0.2597	      0.0140	      0.0183
6101112	    136.0626	     21.0403	    126.6458	     -0.0131	      0.0898	      0.0019	     -0.0873	     -0.0265	      0.0059
78910	     20.0458	     62.8101	     82.8559	      0.0045	      0.0625	     -0.1028	     -0.3382	     -0.1751	     -0.1031
78911	     20.0458	     62.8101	     82.8559	      0.0172	     -0.0150	      0.0268	     -0.0028	     -0.1160	     -0.0174
78912	     20.0458	     62.8101	     82.8559	      0.0081	     -0.0157	     -0.0164	     -0.1331	     -0.1533	     -0.0097
781011	     20.0458	     78.7846	     94.7901	      0.0474	      0.0980	     -0.0027	     -0.0098	     -0.0880	     -0.1420
781012	     20.0458	     78.7846	     94.7901	      0.0259	      0.0707	     -0.0135	     -0.0387	     -0.0625	     -0.1164
781112	     20.0458	     76.2050	     96.2508	      0.0054	     -0.0358	     -0.0075	     -0.0989	     -0.1335	      0.0091
791011	     82.8559	     28.5924	     94.7901	      0.0002	      0.1361	     -0.0666	     -0.2759	     -0.1697	     -0.1333
791012	     82.8559	     28.5924	     94.7901	      0.0156	      0.1318	     -0.0386	     -0.1791	     -0.1321	     -0.1483
791112	     82.8559	     14.0165	     96.2508	      0.0070	     -0.0027	     -0.0195	     -0.1814	     -0.1468	     -0.0094
7101112	     94.7901	     21.0403	     96.2508	      0.0194	      0.1855	     -0.0498	     -0.1849	     -0.1635	     -0.1690
891011	     62.8101	     28.5924	     78.7846	      0.0607	      0.1614	     -0.0923	     -0.2757	     -0.2378	     -0.2896
891012	     62.8101	     28.5924	     78.7846	      0.0686	      0.2284	     -0.0788	     -0.2498	     -0.2351	     -0.4089
891112	     62.8101	     14.0165	     76.2050	      0.0087	     -0.0160	     -0.0268	     -0.1410	     -0.1931	     -0.0087
8101112	     78.7846	     21.0403	     76.2050	      0.0601	      0.1921	     -0.0659	     -0.2023	     -0.2112	     -0.3125
9101112	     28.5924	     21.0403	     14.0165	      0.0361	      0.1468	     -0.0333	     -0.2369	     -0.1008	     -0.2189
