******************************* 第1次迭代 *******************************
 0.015	-0.032	 0.002	-0.054	-0.098	-0.996	
 0.004	 0.004	 0.035	-0.884	 0.467	 0.048	
-0.034	-0.024	 0.001	-0.027	 0.025	-0.997	
-0.001	 0.003	 0.041	-0.614	-0.789	 0.029	
-0.043	-0.017	 0.001	 0.398	-0.168	-1.020	
 0.006	-0.014	 0.040	-0.396	-0.918	 0.018	
-0.038	-0.011	 0.001	-0.023	 0.011	-0.997	
-0.000	 0.003	 0.040	-0.318	-0.948	 0.013	
-0.081	-0.009	 0.000	-0.101	 0.018	-0.993	
-0.001	 0.012	 0.080	-0.142	-0.990	 0.004	
 0.002
-0.001
 0.001
 0.005
 0.005
 0.002
 0.002
 0.008
 0.000
 0.020
-0.327	 0.292
-1.298	-0.441
 0.655	 1.126
 1.481	-0.315
-0.967	-0.570
 0.085	 0.275	 0.184	 0.008	-0.003	-0.010	
*************************************************************************

******************************* 第2次迭代 *******************************
 0.015	-0.031	 0.002	-0.054	-0.091	-0.997	
 0.003	 0.004	 0.035	-0.885	 0.465	 0.050	
-0.034	-0.025	 0.001	-0.031	 0.036	-0.997	
-0.001	 0.003	 0.042	-0.614	-0.789	 0.021	
-0.043	-0.017	 0.000	 0.396	-0.156	-1.020	
 0.006	-0.014	 0.040	-0.391	-0.920	 0.009	
-0.039	-0.012	 0.000	-0.030	 0.022	-0.997	
-0.001	 0.003	 0.040	-0.316	-0.949	 0.005	
-0.083	-0.010	-0.000	-0.120	 0.029	-0.992	
-0.002	 0.014	 0.081	-0.143	-0.990	-0.004	
-0.000
 0.000
 0.000
-0.000
 0.000
-0.000
 0.000
-0.000
 0.000
-0.000
-0.008	-0.013
 0.034	 0.002
-0.039	 0.001
 0.017	-0.014
-0.010	 0.025
-0.005	-0.002	-0.004	-0.000	 0.000	 0.000	
*************************************************************************

******************************* 第3次迭代 *******************************
 0.015	-0.031	 0.002	-0.054	-0.091	-0.997	
 0.003	 0.004	 0.035	-0.885	 0.465	 0.050	
-0.034	-0.025	 0.001	-0.031	 0.036	-0.997	
-0.001	 0.003	 0.042	-0.614	-0.789	 0.022	
-0.043	-0.017	 0.000	 0.396	-0.157	-1.020	
 0.006	-0.014	 0.040	-0.391	-0.920	 0.009	
-0.039	-0.012	 0.000	-0.030	 0.022	-0.997	
-0.001	 0.003	 0.040	-0.316	-0.949	 0.005	
-0.083	-0.010	-0.000	-0.120	 0.029	-0.992	
-0.002	 0.014	 0.081	-0.143	-0.990	-0.004	
-0.000
 0.000
 0.000
 0.000
 0.000
 0.000
 0.000
 0.000
 0.000
 0.000
-0.000	 0.000
 0.000	 0.000
 0.000	 0.000
 0.000	 0.000
-0.000	-0.000
-0.000	 0.000	 0.000	-0.000	-0.000	-0.000	
*************************************************************************

