******************************* 第1次迭代 *******************************
0.0326	0.0001	0.0107	-0.3623	-0.1844	-0.9445	
-0.0092	0.0122	0.0280	0.4092	-0.9122	0.3128	
0.0083	-0.0053	0.0082	0.0615	0.0836	-0.6387	
-0.0017	0.0097	0.0080	0.8642	-0.5031	0.6394	
0.0047	-0.0454	0.0479	-0.1567	1.2237	-0.8154	
0.0255	0.0247	0.0209	0.9922	0.1248	0.7236	
-0.0470	0.0366	-0.0529	-0.4462	-0.9385	-0.9945	
-0.0397	0.0052	0.0388	-0.8992	0.4375	-0.6640	
0.0296	0.0159	-0.0064	-0.5932	0.1484	-1.1183	
0.0012	0.0088	0.0277	-0.2761	-0.9609	-0.1875	
-0.0012
-0.7829
0.2574
-0.3532
0.6748
0.4496
-0.4130
0.5979
0.0282
-0.8245
-0.1868	0.1202
-0.1645	0.0485
0.1115	-0.0563
0.0075	-0.0764
0.2322	0.0104
-2.2795	10.0374	0.8040	0.1515	0.9379	-0.1111	
*************************************************************************

******************************* 第2次迭代 *******************************
0.0255	-0.0021	-0.0044	0.2852	0.2796	-0.9988	
0.0045	0.0062	0.0235	0.4696	-0.8755	-0.1684	
0.0076	-0.0101	-0.0019	0.0843	0.4555	-0.9525	
0.0050	0.0017	0.0109	0.9687	-0.2462	-0.1458	
-0.0017	-0.0548	-0.0029	-0.1750	0.5074	-0.9153	
0.0270	-0.0031	0.0428	0.9089	0.4134	-0.0535	
-0.0558	0.0779	0.0139	-0.1122	-0.3552	-1.0342	
-0.0184	-0.0274	0.0800	-0.9746	0.2220	0.1433	
0.0213	0.0102	-0.0030	0.3066	0.1187	-1.0222	
0.0008	0.0048	0.0223	-0.0343	-0.9910	-0.1241	
-0.0686
-0.0925
-0.0191
-0.1472
0.3699
-0.0513
-0.6402
0.2674
-0.2173
0.0262
-0.0165	0.0155
0.0071	0.0344
-0.0190	-0.0366
-0.0117	0.0220
0.0402	-0.0347
0.2397	-7.5640	-0.1720	-0.1012	-0.0366	0.0689	
*************************************************************************

******************************* 第3次迭代 *******************************
0.0324	-0.0023	-0.0019	0.3817	0.1901	-1.0228	
0.0023	0.0096	0.0284	0.3906	-0.9202	-0.0577	
0.0078	-0.0117	-0.0012	0.1214	0.4827	-0.9934	
0.0051	0.0022	0.0115	0.9662	-0.2578	-0.0858	
-0.0221	-0.0468	-0.0020	-0.3332	0.3739	-0.9595	
0.0205	-0.0114	0.0404	0.7201	0.6936	-0.0390	
-0.0521	0.0330	0.0050	-0.1472	-0.1547	-0.9895	
-0.0043	-0.0156	0.0580	-0.7792	0.6265	0.0810	
0.0238	0.0147	-0.0003	0.2955	-0.0391	-1.0222	
-0.0027	0.0049	0.0262	-0.2224	-0.9746	-0.0094	
0.0190
-0.0119
-0.0091
-0.0349
0.0331
-0.0010
-0.1886
0.0336
-0.0273
0.0227
-0.0025	0.0013
0.0005	-0.0013
0.0004	0.0007
-0.0005	-0.0005
0.0020	-0.0008
1.9671	-2.1307	-0.1753	-0.0472	-0.0328	0.0277	
*************************************************************************

******************************* 第4次迭代 *******************************
0.0343	-0.0043	-0.0001	0.3920	0.1569	-1.0210	
0.0014	0.0109	0.0298	0.4094	-0.9122	-0.0026	
0.0077	-0.0120	-0.0006	0.1374	0.4776	-1.0147	
0.0049	0.0025	0.0115	0.9638	-0.2665	-0.0417	
-0.0222	-0.0409	-0.0022	-0.3473	0.3221	-0.9883	
0.0160	-0.0107	0.0373	0.7007	0.7134	-0.0475	
-0.0533	0.0235	0.0010	-0.1580	-0.1558	-0.9884	
-0.0049	-0.0136	0.0552	-0.6545	0.7559	0.0174	
0.0257	0.0155	0.0009	0.2717	-0.0875	-1.0105	
-0.0042	0.0052	0.0281	-0.2448	-0.9694	0.0302	
-0.0015
0.0009
-0.0001
0.0011
0.0055
0.0043
-0.0087
0.0090
-0.0043
0.0017
0.0005	-0.0001
0.0000	-0.0010
-0.0002	0.0010
0.0003	-0.0007
-0.0007	0.0006
0.0282	-0.2055	0.0979	-0.0008	-0.0004	0.0024	
*************************************************************************

******************************* 第5次迭代 *******************************
0.0345	-0.0043	-0.0001	0.3913	0.1554	-1.0209	
0.0014	0.0110	0.0300	0.4085	-0.9126	-0.0017	
0.0077	-0.0121	-0.0006	0.1374	0.4768	-1.0150	
0.0049	0.0025	0.0115	0.9638	-0.2666	-0.0411	
-0.0224	-0.0406	-0.0022	-0.3444	0.3149	-0.9887	
0.0157	-0.0107	0.0373	0.6969	0.7170	-0.0476	
-0.0529	0.0229	0.0009	-0.1527	-0.1497	-0.9887	
-0.0047	-0.0131	0.0548	-0.6482	0.7613	0.0162	
0.0258	0.0157	0.0009	0.2690	-0.0890	-1.0102	
-0.0042	0.0052	0.0283	-0.2496	-0.9682	0.0311	
-0.0005
0.0001
-0.0000
0.0010
0.0002
-0.0010
-0.0004
0.0008
0.0007
-0.0006
0.0005	-0.0001
0.0000	-0.0011
-0.0002	0.0010
0.0003	-0.0007
-0.0007	0.0006
0.0005	-0.0006	0.0004	-0.0000	0.0000	0.0000	
*************************************************************************

******************************* 第6次迭代 *******************************
0.0345	-0.0043	-0.0001	0.3913	0.1554	-1.0209	
0.0014	0.0110	0.0300	0.4085	-0.9126	-0.0016	
0.0077	-0.0121	-0.0006	0.1374	0.4768	-1.0151	
0.0049	0.0025	0.0115	0.9638	-0.2666	-0.0411	
-0.0224	-0.0406	-0.0022	-0.3444	0.3148	-0.9887	
0.0157	-0.0107	0.0373	0.6969	0.7171	-0.0477	
-0.0529	0.0229	0.0009	-0.1526	-0.1497	-0.9887	
-0.0047	-0.0130	0.0548	-0.6482	0.7613	0.0161	
0.0258	0.0157	0.0009	0.2690	-0.0891	-1.0102	
-0.0042	0.0052	0.0283	-0.2496	-0.9682	0.0311	
-0.0005
0.0001
-0.0000
0.0011
0.0002
-0.0010
-0.0003
0.0007
0.0007
-0.0006
0.0005	-0.0001
0.0000	-0.0011
-0.0002	0.0010
0.0003	-0.0007
-0.0007	0.0006
0.0000	0.0000	0.0000	-0.0000	0.0000	-0.0000	
*************************************************************************

